0
0 0
TRACK_NUM        80 ADD_FLD    0   0 &
TRACK_ID  5
POINT_NUM  19
1 97.173187 -41.348717 1.058635e+01 
2 96.835869 -41.421494 1.100168e+01 
3 98.825180 -41.996471 1.160392e+01 
4 99.102112 -42.489437 1.208701e+01 
5 101.362717 -43.175465 1.288485e+01 
6 103.878197 -43.974216 1.367503e+01 
7 106.976913 -45.061131 1.504627e+01 
8 111.382919 -44.770538 1.527763e+01 
9 114.374046 -45.106453 1.574262e+01 
10 116.095680 -44.120777 1.619749e+01 
11 117.645576 -43.633045 1.684282e+01 
12 118.970947 -43.540916 1.566466e+01 
13 122.711174 -44.295967 1.564230e+01 
14 124.559830 -44.378559 1.579204e+01 
15 127.942894 -44.481956 1.543781e+01 
16 131.943863 -44.498928 1.428106e+01 
17 134.610626 -44.321648 1.412986e+01 
18 138.184509 -44.565884 1.390363e+01 
19 138.272476 -44.533028 1.241085e+01 
TRACK_ID  6
POINT_NUM  15
1 160.950775 -37.984509 9.427167e+00 
2 163.444412 -38.056072 9.511248e+00 
3 163.467865 -38.902157 9.768382e+00 
4 165.321289 -37.817017 9.520344e+00 
5 161.710251 -39.399139 9.411304e+00 
6 163.510498 -38.581905 9.372937e+00 
7 164.536362 -37.098476 8.602741e+00 
8 164.841858 -37.540939 8.495426e+00 
9 165.822281 -37.135380 7.753282e+00 
10 166.165283 -36.571087 6.836035e+00 
11 167.692459 -36.166862 6.277006e+00 
12 168.610519 -35.540974 5.268844e+00 
13 169.819336 -35.078121 4.286008e+00 
14 170.188293 -33.890842 3.112173e+00 
15 172.554184 -33.112450 2.239414e+00 
TRACK_ID  8
POINT_NUM  21
1 213.889984 -44.523441 1.544117e+01 
2 214.101334 -44.691570 1.532777e+01 
3 214.389969 -44.873482 1.549486e+01 
4 215.112122 -45.151127 1.553515e+01 
5 215.609177 -46.793137 1.504801e+01 
6 217.436798 -47.284966 1.516298e+01 
7 219.763321 -48.044079 1.506401e+01 
8 221.194412 -48.282238 1.414785e+01 
9 223.615005 -49.204453 1.350265e+01 
10 225.522446 -49.231972 1.316780e+01 
11 228.058945 -49.569920 1.248976e+01 
12 230.170410 -49.680359 1.142760e+01 
13 232.627884 -49.980835 1.014358e+01 
14 234.870468 -50.376331 9.630386e+00 
15 238.056458 -50.512283 9.015857e+00 
16 240.808060 -50.416882 7.755500e+00 
17 245.106567 -49.696018 6.665934e+00 
18 247.989944 -48.225269 5.894799e+00 
19 250.954849 -46.810993 4.899580e+00 
20 255.691299 -45.690411 4.016822e+00 
21 262.466858 -44.606236 3.704931e+00 
TRACK_ID  20
POINT_NUM  9
1 38.436638 41.876827 6.030525e+00 
2 41.557129 41.571068 5.452288e+00 
3 49.255577 40.710674 5.457129e+00 
4 52.428127 40.371651 6.159071e+00 
5 58.665947 39.927879 6.775067e+00 
6 62.330132 40.987122 8.214704e+00 
7 66.136665 42.888130 9.148324e+00 
8 70.109451 45.173378 9.540085e+00 
9 73.271942 46.814060 9.256201e+00 
TRACK_ID  24
POINT_NUM  25
1 190.358810 75.204056 2.363972e+01 
2 192.221893 75.631996 2.479243e+01 
3 194.645523 76.092476 2.680849e+01 
4 197.407806 76.388542 2.824557e+01 
5 200.396866 76.986809 3.032275e+01 
6 204.202103 77.055656 3.193720e+01 
7 207.952209 77.266716 3.360891e+01 
8 211.789062 77.535034 3.424162e+01 
9 215.640732 77.576202 3.462903e+01 
10 218.914536 77.406792 3.415976e+01 
11 220.921188 77.141418 3.345897e+01 
12 223.509613 76.968277 3.195652e+01 
13 225.210480 76.603455 3.020068e+01 
14 226.632385 76.088669 2.881284e+01 
15 227.221619 75.436897 2.684385e+01 
16 228.116730 74.892288 2.469245e+01 
17 228.374252 74.534309 2.272507e+01 
18 227.600693 74.568703 2.070503e+01 
19 227.272522 74.655838 1.908951e+01 
20 228.339218 74.352219 1.776204e+01 
21 229.579941 73.335037 1.689042e+01 
22 230.361526 72.181335 1.654465e+01 
23 230.575592 70.770355 1.703527e+01 
24 230.489136 69.645348 1.728338e+01 
25 230.232941 68.847603 1.649979e+01 
TRACK_ID  30
POINT_NUM  17
1 181.724823 31.261938 1.579337e+01 
2 188.180939 31.403658 1.701152e+01 
3 191.716644 31.456078 1.699776e+01 
4 195.923248 31.590506 1.759352e+01 
5 199.991226 31.801275 1.717602e+01 
6 202.201202 32.240383 1.776386e+01 
7 205.997421 32.222557 1.761619e+01 
8 210.148148 32.268272 1.577399e+01 
9 212.619766 32.912449 1.531217e+01 
10 214.915466 32.379349 1.505346e+01 
11 216.479065 32.025562 1.407272e+01 
12 220.174545 32.214508 1.358144e+01 
13 222.314026 32.462540 1.300181e+01 
14 222.323730 32.191738 1.278863e+01 
15 222.302490 32.145443 1.199606e+01 
16 222.790649 31.970938 1.127346e+01 
17 222.357819 32.054283 1.094909e+01 
TRACK_ID  33
POINT_NUM  21
2 263.848145 40.855343 9.527885e+00 
3 265.030975 38.877533 9.826776e+00 
4 267.032959 37.804256 9.939787e+00 
5 270.745453 37.819332 1.037665e+01 
6 273.048096 36.822227 1.022413e+01 
7 274.474762 36.043732 9.896200e+00 
8 274.203552 34.838154 8.140157e+00 
9 277.769135 32.600510 7.242976e+00 
10 281.543091 29.526297 6.749360e+00 
11 285.578613 28.715935 5.950284e+00 
12 288.796265 27.252388 6.181924e+00 
13 290.555939 26.908260 6.170104e+00 
14 294.752655 27.277040 5.328823e+00 
15 298.558624 27.855913 5.174848e+00 
16 304.463318 25.565722 5.545215e+00 
17 309.044586 25.623489 5.908631e+00 
18 316.011353 25.028269 5.816350e+00 
19 321.504791 25.156029 6.758234e+00 
20 321.519592 27.290535 6.287347e+00 
21 325.059448 27.262323 6.586988e+00 
22 332.227875 27.684759 6.323488e+00 
TRACK_ID  40
POINT_NUM  29
4 301.308136 -47.111977 6.957368e+00 
5 302.221771 -46.535343 6.831608e+00 
6 303.741516 -45.435997 6.314920e+00 
7 305.402100 -43.778412 7.065369e+00 
8 306.349884 -42.753117 8.124770e+00 
9 308.165649 -42.380882 7.971941e+00 
10 309.237976 -42.496590 8.730386e+00 
11 310.977783 -42.554008 9.798258e+00 
12 312.874207 -41.994934 1.093959e+01 
13 314.885590 -42.128128 1.147675e+01 
14 316.628021 -41.996609 1.172266e+01 
15 317.093933 -41.910999 1.304280e+01 
16 318.306427 -41.590500 1.356788e+01 
17 319.358063 -41.944065 1.379003e+01 
18 320.340912 -42.041119 1.415500e+01 
19 321.980591 -42.059341 1.437497e+01 
20 322.798126 -42.166481 1.471337e+01 
21 325.249878 -42.087307 1.502699e+01 
22 327.206543 -42.279087 1.428573e+01 
23 328.778168 -42.826935 1.359022e+01 
24 330.020233 -43.074760 1.345489e+01 
25 335.883209 -42.670898 1.272093e+01 
26 337.582764 -43.262733 1.187616e+01 
27 343.218170 -42.066109 1.105794e+01 
28 347.117767 -40.558933 1.034373e+01 
29 351.211609 -38.800129 9.562140e+00 
30 353.184265 -38.593269 8.756819e+00 
31 354.973389 -38.110935 7.864316e+00 
32 356.978027 -36.448143 7.400396e+00 
TRACK_ID  44
POINT_NUM  24
5 181.793976 -38.813976 7.629035e+00 
6 182.752487 -39.451805 7.353702e+00 
7 183.451187 -39.991371 7.483017e+00 
8 182.905930 -41.837852 8.179654e+00 
9 183.441315 -43.490784 8.882768e+00 
10 185.138214 -43.090729 8.505751e+00 
11 186.312042 -43.845821 8.068914e+00 
12 187.818604 -42.772221 8.186975e+00 
13 189.628906 -43.343674 7.827352e+00 
14 191.862793 -44.187851 7.139034e+00 
15 195.360825 -45.190849 7.259005e+00 
16 197.768433 -45.427185 8.124226e+00 
17 199.910522 -46.349979 7.835469e+00 
18 201.911774 -46.667435 7.760536e+00 
19 203.770538 -46.778091 8.097787e+00 
20 205.209030 -47.046478 8.959520e+00 
21 207.145325 -47.734249 9.196539e+00 
22 209.691818 -48.141609 9.129439e+00 
23 210.181442 -47.643738 9.531214e+00 
24 212.120422 -47.613518 9.394249e+00 
25 214.434311 -48.119030 8.887235e+00 
26 217.766647 -48.360001 8.425118e+00 
27 220.539185 -48.308640 7.593893e+00 
28 223.002502 -48.027576 6.356277e+00 
TRACK_ID  48
POINT_NUM  36
5 126.115341 47.622845 1.337537e+00 
6 129.148804 48.613968 2.246615e+00 
7 132.792084 49.229946 3.433300e+00 
8 135.304413 48.845001 4.624775e+00 
9 138.840103 48.941200 5.328067e+00 
10 142.391846 49.469120 5.932723e+00 
11 144.908981 49.139095 6.151788e+00 
12 149.159180 46.711029 6.525276e+00 
13 150.775101 46.554516 6.495712e+00 
14 151.612701 46.766819 6.023726e+00 
15 149.835632 46.862743 5.167614e+00 
16 148.655319 43.889900 5.997195e+00 
17 149.422592 39.387684 7.289399e+00 
18 152.357346 37.140053 9.108887e+00 
19 155.831268 36.558632 1.006298e+01 
20 159.304581 35.658596 1.157811e+01 
21 162.025299 33.671974 1.277073e+01 
22 165.361420 33.566166 1.252432e+01 
23 168.043884 33.079918 1.335952e+01 
24 170.675217 32.942116 1.361983e+01 
25 173.845398 33.443642 1.418940e+01 
26 175.944916 33.874046 1.495339e+01 
27 178.897064 34.196198 1.575989e+01 
28 180.430466 34.843494 1.639451e+01 
29 182.303558 34.687145 1.632586e+01 
30 185.042892 35.431263 1.742086e+01 
31 188.543808 36.707893 1.756329e+01 
32 192.560776 38.226257 1.681616e+01 
33 199.449600 40.565990 1.586221e+01 
34 204.931793 41.550316 1.531873e+01 
35 210.492630 41.331768 1.484267e+01 
36 214.787949 40.630154 1.418283e+01 
37 219.623642 38.899357 1.331544e+01 
38 222.112549 37.466991 1.209474e+01 
39 223.407883 36.339180 1.173065e+01 
40 226.372513 34.100666 1.033953e+01 
TRACK_ID  55
POINT_NUM  9
7 109.677681 29.145531 7.444483e+00 
8 109.364906 28.812216 9.433362e+00 
9 110.711533 28.187149 1.002399e+01 
10 113.309471 28.762325 9.605389e+00 
11 117.824921 28.876612 8.867023e+00 
12 119.807388 28.563437 7.740249e+00 
13 120.730934 27.985588 6.674767e+00 
14 125.815521 29.515856 5.844021e+00 
15 129.646378 28.916826 4.737582e+00 
TRACK_ID  60
POINT_NUM  22
8 310.460876 43.581165 8.365056e+00 
9 313.273590 43.604412 9.248531e+00 
10 316.358032 43.473301 1.003170e+01 
11 319.470154 43.412724 1.059130e+01 
12 324.170837 42.348763 1.064823e+01 
13 326.308472 43.152737 1.097938e+01 
14 328.793762 44.721062 1.128529e+01 
15 331.500275 46.106415 1.206774e+01 
16 334.437134 46.654251 1.216210e+01 
17 337.756592 45.557743 1.250565e+01 
18 339.307770 47.048500 1.248889e+01 
19 340.730743 49.658192 1.293626e+01 
20 343.270996 48.758305 1.301553e+01 
21 345.390198 49.259731 1.338680e+01 
22 346.919952 50.953876 1.404544e+01 
23 348.361115 51.955551 1.458365e+01 
24 349.654816 53.304985 1.478664e+01 
25 350.868103 55.457115 1.566468e+01 
26 351.703583 55.812122 1.709054e+01 
27 352.466553 56.632954 1.817895e+01 
28 354.758331 58.758179 1.917857e+01 
29 3.471151 59.555573 2.128448e+01 
TRACK_ID  75
POINT_NUM  10
11 69.658295 58.178196 9.631591e+00 
12 74.261948 57.601734 9.970964e+00 
13 79.198044 57.410576 1.128249e+01 
14 83.547668 57.505516 1.310516e+01 
15 87.832878 58.303223 1.386196e+01 
16 93.019775 58.578190 1.361874e+01 
17 98.980736 57.654343 1.396738e+01 
18 102.708015 57.231960 1.435153e+01 
19 105.897484 57.631245 1.340583e+01 
20 109.843979 58.294800 1.178127e+01 
TRACK_ID  82
POINT_NUM  29
12 260.729767 52.000408 8.639207e+00 
13 263.282806 49.744919 8.929905e+00 
14 265.262390 48.493183 9.562186e+00 
15 267.922638 47.674583 9.460640e+00 
16 271.659393 44.670784 9.216446e+00 
17 276.672913 40.782684 1.017227e+01 
18 279.355499 39.597839 1.090629e+01 
19 280.888702 37.901497 1.298324e+01 
20 284.414948 36.539886 1.235150e+01 
21 286.296082 36.081562 1.219420e+01 
22 289.670288 35.636154 1.154119e+01 
23 294.485626 32.465454 1.094769e+01 
24 297.122711 31.879131 1.083972e+01 
25 299.708618 30.719294 1.103571e+01 
26 303.729950 29.876509 9.988783e+00 
27 305.596680 29.844238 9.494477e+00 
28 308.285583 29.489153 9.759288e+00 
29 315.615326 29.519602 9.691549e+00 
30 317.468781 28.825502 9.490342e+00 
31 323.861664 30.234831 1.081895e+01 
32 329.721466 32.052513 1.034068e+01 
33 335.446014 34.993221 1.007934e+01 
34 337.523621 35.303734 9.301682e+00 
35 339.974548 35.433590 7.936487e+00 
36 341.422302 34.811974 6.304394e+00 
37 344.063782 34.301418 5.276453e+00 
38 344.916809 35.160198 3.932199e+00 
39 346.826111 35.556034 3.249580e+00 
40 347.492767 35.645622 1.753479e+00 
TRACK_ID  103
POINT_NUM  14
17 18.920395 41.240673 4.226157e+00 
18 23.096130 41.356255 4.880461e+00 
19 28.608995 40.333969 5.386376e+00 
20 34.138439 40.631439 7.579802e+00 
21 36.248657 40.505245 9.235297e+00 
22 39.000908 40.231903 9.152016e+00 
23 41.880890 39.800941 8.240324e+00 
24 45.711300 38.441395 8.630210e+00 
25 47.809223 37.187386 9.385952e+00 
26 54.603161 34.961956 9.272474e+00 
27 59.414093 35.976833 8.786762e+00 
28 58.540516 33.137833 9.014259e+00 
29 58.822010 31.815912 9.236362e+00 
30 59.499798 31.100765 9.355695e+00 
TRACK_ID  115
POINT_NUM  28
19 153.601318 75.319168 1.560045e+01 
20 157.180649 77.483086 1.671986e+01 
21 162.352997 79.129364 1.842824e+01 
22 170.961243 80.139824 1.991436e+01 
23 182.302139 81.076897 2.148102e+01 
24 191.406464 81.322060 2.335254e+01 
25 201.590103 81.293648 2.469795e+01 
26 209.840439 80.684570 2.570434e+01 
27 214.742584 79.999969 2.680094e+01 
28 217.748306 80.082169 2.660401e+01 
29 220.347443 79.994995 2.687149e+01 
30 222.447800 79.929909 2.615538e+01 
31 224.429459 79.962814 2.604375e+01 
32 226.152206 80.136559 2.584119e+01 
33 228.438522 79.974884 2.583113e+01 
34 230.031281 79.488358 2.569579e+01 
35 230.803360 78.758934 2.491927e+01 
36 231.140045 77.839996 2.348065e+01 
37 229.799591 76.930969 2.262119e+01 
38 228.616348 75.907326 2.165445e+01 
39 227.097549 74.337265 2.078569e+01 
40 227.010925 72.142220 2.019666e+01 
41 228.393890 66.704842 2.135411e+01 
42 228.154953 65.499428 2.234387e+01 
43 228.529282 63.691750 2.446677e+01 
44 229.687714 62.097946 2.379950e+01 
45 229.961746 61.063633 2.166200e+01 
46 231.685349 59.322823 1.781121e+01 
TRACK_ID  116
POINT_NUM  15
19 217.168716 -54.148621 8.073899e+00 
20 224.317307 -55.148670 8.688472e+00 
21 229.194809 -54.811485 8.547653e+00 
22 235.786316 -54.040653 8.796615e+00 
23 241.138046 -52.872715 8.228010e+00 
24 247.621902 -51.186661 7.830857e+00 
25 254.868866 -49.349380 7.819852e+00 
26 260.864532 -47.612541 8.034362e+00 
27 265.446411 -46.035526 7.906985e+00 
28 272.838470 -44.723328 8.820867e+00 
29 279.588196 -44.509148 8.853025e+00 
30 282.582428 -43.740345 8.571493e+00 
31 282.952911 -42.905994 7.411404e+00 
32 280.739410 -41.084408 7.950673e+00 
33 280.718506 -40.825371 7.133006e+00 
TRACK_ID  121
POINT_NUM  12
20 107.476181 44.882050 1.052114e+01 
21 109.287567 43.397617 1.166976e+01 
22 111.395531 44.286579 1.043098e+01 
23 113.906616 44.605747 1.118770e+01 
24 116.165665 45.193413 1.116795e+01 
25 118.905769 44.611652 1.118239e+01 
26 122.964851 43.915569 1.017889e+01 
27 126.532036 43.340984 1.017424e+01 
28 129.039154 43.194565 9.380926e+00 
29 132.128006 43.147530 7.227117e+00 
30 134.943054 39.944008 5.308303e+00 
31 140.272324 37.691650 3.424283e+00 
TRACK_ID  122
POINT_NUM  15
20 212.269302 36.824791 1.104395e+01 
21 213.993500 36.431652 1.159250e+01 
22 215.828140 35.626793 1.201152e+01 
23 215.279938 35.750053 1.144934e+01 
24 218.209213 35.292160 1.127601e+01 
25 217.858002 35.007008 1.071552e+01 
26 219.198288 35.366421 1.019878e+01 
27 220.843140 35.084091 8.920023e+00 
28 221.251358 34.294418 8.501033e+00 
29 224.021851 34.112030 8.551749e+00 
30 224.245911 33.958294 7.768779e+00 
31 225.387451 32.855545 7.831743e+00 
32 226.597122 32.684746 8.359588e+00 
33 225.648529 32.927734 9.195751e+00 
34 226.201828 32.623814 9.837512e+00 
TRACK_ID  124
POINT_NUM  10
21 274.385254 53.122799 1.052766e+01 
22 280.564941 51.408165 1.357031e+01 
23 285.294952 50.372982 1.656716e+01 
24 287.970734 51.350170 1.669418e+01 
25 289.649658 52.327068 1.647461e+01 
26 291.075745 53.624130 1.579141e+01 
27 291.755890 54.440308 1.425386e+01 
28 292.317352 55.495502 1.127232e+01 
29 292.424194 56.474823 8.011650e+00 
30 292.803192 56.339146 5.734528e+00 
TRACK_ID  128
POINT_NUM  28
23 102.093422 -42.934528 7.958989e+00 
24 108.485382 -42.523319 7.133436e+00 
25 113.043343 -42.153210 7.070045e+00 
26 120.150108 -42.035503 6.724620e+00 
27 127.533875 -44.481804 7.005648e+00 
28 132.788010 -45.778561 6.586089e+00 
29 139.345016 -48.819157 8.076209e+00 
30 145.669128 -51.460907 1.050423e+01 
31 150.741577 -52.904446 1.332930e+01 
32 155.905029 -54.034500 1.624121e+01 
33 160.667160 -54.672379 1.926732e+01 
34 165.265427 -55.128162 2.206781e+01 
35 170.180069 -54.865120 2.361838e+01 
36 174.651001 -54.290920 2.399253e+01 
37 178.786026 -53.244827 2.356961e+01 
38 182.033676 -52.450420 2.257271e+01 
39 185.484039 -50.439232 2.117006e+01 
40 188.302444 -48.395042 2.001188e+01 
41 190.778427 -46.677433 1.916057e+01 
42 192.207916 -43.735336 1.721032e+01 
43 193.673019 -42.373749 1.656973e+01 
44 194.843185 -40.374569 1.628770e+01 
45 195.473099 -38.580250 1.505389e+01 
46 195.948776 -37.277393 1.405380e+01 
47 196.435364 -36.359520 1.442139e+01 
48 196.545090 -35.701775 1.486069e+01 
49 193.998581 -35.848248 1.482204e+01 
50 195.152649 -35.691738 1.428750e+01 
TRACK_ID  130
POINT_NUM  9
23 66.052231 56.131573 2.017622e+00 
24 71.957954 55.885406 2.384636e+00 
25 76.971428 56.525852 3.391660e+00 
26 83.803192 56.763092 5.488999e+00 
27 91.785370 57.157787 8.016484e+00 
28 98.737221 56.555981 1.035712e+01 
29 103.814690 56.501781 1.286156e+01 
30 107.534973 56.994671 1.401431e+01 
31 112.123558 57.037018 1.347525e+01 
TRACK_ID  133
POINT_NUM  45
24 300.347992 -50.713219 5.922992e+00 
25 304.867676 -51.120628 7.327103e+00 
26 308.873474 -51.806072 7.417559e+00 
27 314.431335 -52.791531 8.504909e+00 
28 322.256165 -53.974632 8.183754e+00 
29 330.361572 -53.553493 8.300636e+00 
30 337.165253 -52.134541 8.375198e+00 
31 341.173859 -50.566422 8.185561e+00 
32 347.040741 -49.627529 7.538940e+00 
33 351.541931 -48.982059 7.763764e+00 
34 355.111237 -48.251610 7.618287e+00 
35 2.306275 -45.700714 7.360258e+00 
36 6.516832 -44.116207 7.797304e+00 
37 10.106991 -43.615181 8.865434e+00 
38 13.138370 -43.888767 9.136144e+00 
39 17.014980 -43.601055 1.022201e+01 
40 22.659988 -43.520992 1.074842e+01 
41 28.055693 -43.302818 1.166280e+01 
42 32.609486 -43.112534 1.231458e+01 
43 37.672932 -42.726460 1.267508e+01 
44 41.792904 -42.647404 1.338577e+01 
45 45.949596 -42.655270 1.335997e+01 
46 50.258675 -42.561069 1.359752e+01 
47 53.983173 -42.708294 1.325262e+01 
48 59.260120 -42.643875 1.265008e+01 
49 64.885414 -42.142941 1.283090e+01 
50 69.065231 -41.732704 1.292964e+01 
51 73.109451 -42.281223 1.230922e+01 
52 77.262856 -42.821041 1.201250e+01 
53 82.648796 -43.750763 1.197622e+01 
54 89.261055 -44.960510 1.179905e+01 
55 93.928909 -45.557888 1.263425e+01 
56 96.493057 -46.251339 1.261656e+01 
57 100.086548 -46.899811 1.314721e+01 
58 102.752625 -47.155266 1.393264e+01 
59 106.170090 -47.652145 1.530301e+01 
60 107.851341 -47.599598 1.427076e+01 
61 110.466873 -47.723888 1.471172e+01 
62 114.078751 -48.025494 1.431575e+01 
63 116.825089 -47.850842 1.356275e+01 
64 118.601570 -47.388832 1.277602e+01 
65 121.955719 -46.992447 1.237823e+01 
66 123.773178 -46.341587 1.181255e+01 
67 125.118057 -46.108135 1.185428e+01 
68 126.708611 -44.755341 1.037812e+01 
TRACK_ID  135
POINT_NUM  43
25 226.727051 -54.502407 6.802824e+00 
26 233.286606 -55.311092 7.035436e+00 
27 238.505646 -55.354870 6.947000e+00 
28 243.156738 -55.076138 7.442725e+00 
29 247.774124 -54.220249 7.801330e+00 
30 251.816116 -53.488506 9.214712e+00 
31 255.447617 -52.334675 1.011974e+01 
32 259.011139 -51.578262 1.090956e+01 
33 261.810364 -50.494007 1.182378e+01 
34 264.368652 -49.454273 1.255733e+01 
35 266.572906 -48.558762 1.274840e+01 
36 268.820892 -47.792728 1.330621e+01 
37 270.778839 -47.198521 1.346590e+01 
38 270.786163 -47.101357 1.307639e+01 
39 272.674286 -46.721081 1.298385e+01 
40 275.398621 -46.673946 1.297762e+01 
41 276.168213 -46.834965 1.258831e+01 
42 276.307526 -48.042156 1.146124e+01 
43 276.753784 -48.594410 1.037393e+01 
44 280.477051 -50.845020 1.041723e+01 
45 281.924530 -50.934589 1.047776e+01 
46 283.117859 -50.214306 1.000140e+01 
47 281.789246 -48.244198 9.622999e+00 
48 279.130066 -45.325348 1.069814e+01 
49 279.207428 -44.253620 1.068251e+01 
50 280.328400 -43.345402 1.002627e+01 
51 279.612183 -41.478016 9.828218e+00 
52 281.043762 -40.498722 1.196081e+01 
53 281.261261 -40.409637 1.280040e+01 
54 282.251129 -40.736782 1.222688e+01 
55 281.987885 -41.213078 1.189940e+01 
56 281.502502 -41.578045 1.296687e+01 
57 280.548645 -43.151196 1.168218e+01 
58 278.428101 -46.907375 1.055028e+01 
59 280.090607 -47.554539 1.077445e+01 
60 280.604095 -45.800156 1.169390e+01 
61 281.013885 -43.584545 1.227327e+01 
62 283.185089 -43.922348 1.221225e+01 
63 284.910400 -44.227745 1.245747e+01 
64 283.569183 -43.584721 1.214140e+01 
65 284.187073 -43.726273 1.041055e+01 
66 287.258331 -44.737389 6.844395e+00 
67 287.748199 -44.455173 2.701693e+00 
TRACK_ID  136
POINT_NUM  24
25 259.268372 28.142462 1.403247e+00 
26 264.967346 28.091915 4.976386e+00 
27 269.389526 29.730879 7.397534e+00 
28 271.586365 29.729296 8.371076e+00 
29 275.161682 31.342638 9.742047e+00 
30 277.681244 36.348614 1.117005e+01 
31 280.509613 36.973122 1.364186e+01 
32 283.928040 36.760796 1.521013e+01 
33 286.534210 37.317280 1.704791e+01 
34 289.214844 39.320805 1.705103e+01 
35 291.922394 40.618053 1.796569e+01 
36 294.744171 39.723789 1.854916e+01 
37 298.479279 37.388737 1.867541e+01 
38 301.748779 35.522167 1.757310e+01 
39 303.618683 34.336838 1.643344e+01 
40 304.956726 31.699047 1.557108e+01 
41 306.680298 31.837139 1.470665e+01 
42 306.278992 29.537727 1.349450e+01 
43 306.947144 28.435400 1.273045e+01 
44 307.213440 27.947565 1.270849e+01 
45 306.836060 27.174448 1.232571e+01 
46 305.284576 26.418781 1.137699e+01 
47 305.127167 26.021772 1.110176e+01 
48 304.183228 25.503164 1.157993e+01 
TRACK_ID  140
POINT_NUM  31
27 25.306890 -40.663364 4.708389e+00 
28 32.522121 -43.491333 6.561293e+00 
29 37.716118 -44.978207 8.684568e+00 
30 42.556919 -46.275677 1.009300e+01 
31 47.957951 -47.116043 1.189491e+01 
32 53.023678 -48.146336 1.209675e+01 
33 56.927761 -49.119888 1.233200e+01 
34 59.865883 -49.039822 1.232276e+01 
35 62.886730 -49.461113 1.263422e+01 
36 65.675522 -49.560928 1.275688e+01 
37 68.502769 -49.753468 1.353456e+01 
38 72.479546 -49.819481 1.319991e+01 
39 76.032089 -50.032383 1.347081e+01 
40 80.803360 -49.938301 1.264937e+01 
41 84.000603 -49.918865 1.154458e+01 
42 89.889557 -50.123539 1.103654e+01 
43 97.647583 -49.492661 1.076726e+01 
44 105.378090 -48.199127 1.114143e+01 
45 110.876907 -46.564003 1.194494e+01 
46 113.836327 -46.307758 1.318054e+01 
47 115.996948 -46.257965 1.436566e+01 
48 118.286263 -46.507259 1.448085e+01 
49 122.496788 -45.433151 1.514070e+01 
50 124.733002 -46.257183 1.558605e+01 
51 127.148468 -46.635193 1.495302e+01 
52 129.774399 -46.482254 1.409872e+01 
53 133.989822 -45.244160 1.458553e+01 
54 136.792923 -45.349739 1.528751e+01 
55 138.965683 -45.825306 1.487750e+01 
56 144.258728 -45.284164 1.483700e+01 
57 151.954849 -42.888859 1.565220e+01 
TRACK_ID  144
POINT_NUM  9
27 174.948929 -46.592316 1.075197e+01 
28 179.469757 -45.491188 1.164762e+01 
29 182.650467 -45.498318 1.240930e+01 
30 185.864594 -44.470505 1.302535e+01 
31 188.247437 -43.566502 1.266893e+01 
32 190.849625 -42.545620 1.275795e+01 
33 195.013306 -41.977970 1.184637e+01 
34 196.873062 -40.730251 9.693081e+00 
35 197.871429 -39.219349 8.092938e+00 
TRACK_ID  159
POINT_NUM  10
32 89.020935 -40.939129 1.121863e+01 
33 96.496704 -38.250320 1.067794e+01 
34 101.569931 -36.506531 1.125352e+01 
35 103.096146 -36.062550 1.089145e+01 
36 105.517990 -35.615555 9.828692e+00 
37 105.807182 -34.976067 8.991548e+00 
38 107.573654 -35.061970 8.114733e+00 
39 106.948181 -34.293915 6.294462e+00 
40 104.679466 -32.865490 4.766962e+00 
41 103.562119 -29.098722 3.718732e+00 
TRACK_ID  162
POINT_NUM  15
32 53.950619 51.677258 4.554145e+00 
33 63.207417 50.970196 4.624396e+00 
34 70.883675 50.737999 7.590984e+00 
35 77.930717 51.239712 1.162851e+01 
36 83.241707 52.720795 1.467118e+01 
37 89.061386 54.389713 1.616794e+01 
38 95.371140 54.695137 1.838531e+01 
39 100.049377 54.637775 1.877016e+01 
40 104.126198 55.632038 1.629968e+01 
41 108.192406 57.870674 1.313963e+01 
42 114.854790 60.142963 1.332261e+01 
43 126.447998 60.875595 1.525049e+01 
44 129.953094 60.766605 1.570649e+01 
45 132.352783 60.703445 1.530485e+01 
46 133.942795 60.920681 1.322954e+01 
TRACK_ID  163
POINT_NUM  11
32 110.307625 47.971592 1.339086e+01 
33 110.436760 45.713650 1.501859e+01 
34 112.244514 44.455837 1.475137e+01 
35 113.255554 42.476196 1.452511e+01 
36 113.757423 39.992210 1.236316e+01 
37 113.475311 37.756687 1.076831e+01 
38 117.559052 33.551315 8.893875e+00 
39 119.435738 32.271412 6.609022e+00 
40 119.959534 30.527178 4.649505e+00 
41 120.553535 28.630703 3.180458e+00 
42 123.734947 28.906460 2.085898e+00 
TRACK_ID  180
POINT_NUM  9
36 261.545593 25.355238 6.521976e+00 
37 265.269287 23.001066 8.360543e+00 
38 266.255005 24.934761 8.565444e+00 
39 270.801086 28.272905 8.917936e+00 
40 273.343933 28.850521 9.150846e+00 
41 276.576874 28.063778 8.932469e+00 
42 278.448792 29.239456 8.645106e+00 
43 279.324677 29.664869 8.587858e+00 
44 281.167084 29.411060 8.583970e+00 
TRACK_ID  183
POINT_NUM  16
37 242.104782 -40.131504 3.937665e+00 
38 243.376480 -39.019371 4.773759e+00 
39 244.902939 -39.289848 4.783419e+00 
40 246.697342 -40.149265 4.685758e+00 
41 247.159500 -41.518757 4.596591e+00 
42 249.048157 -42.961510 4.910868e+00 
43 250.312531 -44.469193 5.388787e+00 
44 252.803223 -46.222706 5.895066e+00 
45 254.886368 -47.969109 7.446455e+00 
46 254.507050 -47.713795 8.816932e+00 
47 256.846161 -47.808594 1.002277e+01 
48 257.961395 -47.428688 1.045718e+01 
49 260.048126 -46.765148 1.097628e+01 
50 262.023834 -46.131512 1.117071e+01 
51 264.529510 -45.435036 1.082847e+01 
52 267.803925 -44.500664 1.120078e+01 
TRACK_ID  184
POINT_NUM  40
37 333.143860 -60.473450 2.038463e+00 
38 336.480530 -60.454227 3.708457e+00 
39 339.428101 -60.345833 5.133218e+00 
40 342.863129 -59.777397 6.091974e+00 
41 346.430908 -59.191235 7.026704e+00 
42 349.917816 -58.668354 8.279091e+00 
43 353.794434 -58.015995 9.013358e+00 
44 357.909668 -57.248726 9.582795e+00 
45 2.364985 -55.672890 1.007053e+01 
46 6.735188 -54.185295 1.097626e+01 
47 11.465049 -52.349258 1.228332e+01 
48 14.922590 -51.214806 1.336155e+01 
49 18.072380 -50.161091 1.511097e+01 
50 20.678291 -49.947796 1.611530e+01 
51 23.704100 -49.078541 1.720096e+01 
52 26.467356 -48.905094 1.780702e+01 
53 30.610262 -48.167805 1.846478e+01 
54 33.267250 -48.084896 1.819665e+01 
55 36.388508 -47.669632 1.848194e+01 
56 39.611542 -47.340000 1.837948e+01 
57 42.387928 -47.224190 1.788019e+01 
58 45.995575 -47.019516 1.726176e+01 
59 47.922882 -47.777557 1.718063e+01 
60 50.989365 -47.322151 1.710686e+01 
61 54.298359 -47.503960 1.657271e+01 
62 56.720459 -47.869068 1.532333e+01 
63 59.875023 -47.646286 1.538037e+01 
64 62.670231 -48.484730 1.450408e+01 
65 64.687088 -49.267735 1.355544e+01 
66 67.835968 -49.763638 1.317912e+01 
67 71.352051 -51.208370 1.283323e+01 
68 72.626724 -50.661140 1.244212e+01 
69 75.377525 -51.630119 1.248496e+01 
70 77.411232 -51.456314 1.216535e+01 
71 80.285088 -51.851631 1.152077e+01 
72 81.452873 -51.216293 1.159125e+01 
73 83.023552 -50.650410 1.119377e+01 
74 84.720825 -50.490704 1.092744e+01 
75 85.350800 -49.651825 1.044280e+01 
76 87.981102 -50.177288 9.441855e+00 
TRACK_ID  201
POINT_NUM  26
41 297.502869 -44.126781 6.340947e+00 
42 298.332489 -42.653301 8.816411e+00 
43 300.195770 -41.982239 9.826838e+00 
44 302.819611 -40.646709 1.198788e+01 
45 303.684479 -41.385448 1.134692e+01 
46 304.207703 -40.487366 1.143494e+01 
47 304.992676 -41.732037 1.264342e+01 
48 306.111786 -41.249443 1.390940e+01 
49 307.884338 -41.180096 1.370627e+01 
50 310.944275 -40.011257 1.315403e+01 
51 313.616089 -39.543007 1.343115e+01 
52 316.589294 -38.464333 1.337632e+01 
53 321.873383 -38.681606 1.255355e+01 
54 326.575287 -39.131451 1.141383e+01 
55 332.026428 -39.432812 1.149607e+01 
56 336.269257 -40.177166 1.104331e+01 
57 343.232391 -40.939716 1.138096e+01 
58 349.459412 -41.279411 1.130135e+01 
59 357.341797 -39.874905 1.197062e+01 
60 0.214255 -39.273663 1.271354e+01 
61 2.246517 -40.447426 1.339302e+01 
62 5.736142 -40.540955 1.349800e+01 
63 7.919607 -39.373947 1.351338e+01 
64 12.207356 -40.339508 1.262613e+01 
65 15.171847 -40.389095 1.188430e+01 
66 22.736443 -41.937794 1.130501e+01 
TRACK_ID  210
POINT_NUM  19
43 206.502838 76.593880 1.379100e+01 
44 202.862610 78.405701 1.383046e+01 
45 207.241150 79.738724 1.366825e+01 
46 223.473831 80.554520 1.534282e+01 
47 238.146500 79.598282 1.872943e+01 
48 244.906906 77.795372 2.179490e+01 
49 243.871109 76.888290 2.486930e+01 
50 242.309753 76.620590 2.744100e+01 
51 239.936127 76.652435 2.933520e+01 
52 237.795609 77.204094 3.040113e+01 
53 235.851242 77.910637 3.053996e+01 
54 231.455170 78.916306 2.979064e+01 
55 226.227219 79.929131 2.868414e+01 
56 220.230347 81.003441 2.729609e+01 
57 213.569046 82.283936 2.665952e+01 
58 201.991135 83.829826 2.535379e+01 
59 193.039825 85.968330 2.515990e+01 
60 181.467545 87.863800 2.398426e+01 
61 130.742722 87.863800 2.312456e+01 
TRACK_ID  223
POINT_NUM  21
46 175.261459 -44.900635 1.310673e+01 
47 178.740845 -44.581360 1.430487e+01 
48 182.389923 -44.073071 1.525307e+01 
49 185.859543 -42.311008 1.528545e+01 
50 188.210251 -41.982925 1.441800e+01 
51 191.196442 -41.634865 1.520921e+01 
52 193.977524 -37.841930 1.554548e+01 
53 196.442245 -39.656673 1.573115e+01 
54 199.033798 -40.527767 1.486854e+01 
55 201.636078 -40.496582 1.549105e+01 
56 205.239136 -40.904598 1.592456e+01 
57 207.571503 -40.777550 1.547150e+01 
58 211.507309 -40.439056 1.475691e+01 
59 213.194885 -40.396740 1.454939e+01 
60 215.374039 -39.760998 1.413770e+01 
61 217.502274 -40.133053 1.348918e+01 
62 220.823425 -39.774754 1.312367e+01 
63 223.232025 -39.817192 1.290700e+01 
64 224.587250 -38.961040 1.241419e+01 
65 226.697906 -38.703445 1.171589e+01 
66 231.427719 -38.765663 1.179289e+01 
TRACK_ID  231
POINT_NUM  9
48 97.145012 53.657494 2.171643e+01 
49 101.383888 52.882023 2.085934e+01 
50 104.556976 52.921879 1.932741e+01 
51 107.828590 47.430672 1.818342e+01 
52 110.813499 45.770115 1.775555e+01 
53 112.690842 44.947830 1.737006e+01 
54 114.440018 45.601101 1.515072e+01 
55 115.516304 44.484856 1.371633e+01 
56 117.594536 43.717216 1.163401e+01 
TRACK_ID  232
POINT_NUM  11
48 0.940172 37.739891 7.702169e+00 
49 2.558061 35.020302 8.359504e+00 
50 4.077744 33.140266 9.450595e+00 
51 5.238402 31.686241 9.315801e+00 
52 7.058671 30.783316 9.501687e+00 
53 7.882515 29.963055 9.625302e+00 
54 10.134460 28.961622 9.119998e+00 
55 10.607647 28.829271 9.063761e+00 
56 12.606379 27.581514 8.845328e+00 
57 11.363423 27.615192 8.769181e+00 
58 13.130901 26.586800 8.449054e+00 
TRACK_ID  238
POINT_NUM  24
50 41.376476 46.420429 8.879099e+00 
51 43.725986 46.613754 1.116113e+01 
52 45.979706 46.531727 1.338369e+01 
53 47.806950 46.649986 1.544456e+01 
54 51.187450 46.910114 1.764100e+01 
55 54.830757 47.159256 1.989977e+01 
56 57.459286 47.826229 2.135604e+01 
57 58.687698 48.879822 2.165013e+01 
58 61.465290 49.309704 2.179133e+01 
59 63.514336 49.964443 2.173442e+01 
60 66.571014 50.489609 2.022945e+01 
61 68.627518 50.854874 1.892152e+01 
62 71.516151 51.454502 1.842032e+01 
63 72.494995 51.626381 1.862229e+01 
64 72.441078 51.555439 1.784358e+01 
65 73.586594 51.425350 1.738107e+01 
66 74.353134 51.612293 1.756625e+01 
67 75.350410 51.845036 1.752275e+01 
68 75.924767 52.022274 1.571056e+01 
69 77.498840 52.890972 1.396690e+01 
70 79.916862 53.688217 1.295959e+01 
71 82.895676 54.974243 1.143291e+01 
72 88.068840 55.714630 9.148149e+00 
73 93.326706 60.120869 7.783393e+00 
TRACK_ID  242
POINT_NUM  42
51 132.479355 37.904114 2.919890e+00 
52 136.600159 36.399704 2.611589e+00 
53 139.400436 34.068836 3.347613e+00 
54 144.747543 30.704145 4.595541e+00 
55 150.715103 30.568630 6.107156e+00 
56 155.545120 30.747423 7.605422e+00 
57 159.722107 31.190882 9.944238e+00 
58 163.967712 31.248724 1.136462e+01 
59 167.183655 32.569374 1.254075e+01 
60 168.625519 32.508507 1.288034e+01 
61 169.374374 30.956661 1.333595e+01 
62 170.768295 29.940342 1.233022e+01 
63 172.248520 28.209270 1.087825e+01 
64 174.799225 25.318592 9.907218e+00 
65 178.283081 22.972673 9.195307e+00 
66 182.774170 20.722330 9.127808e+00 
67 186.868515 19.188154 9.636872e+00 
68 189.297592 20.291494 1.013180e+01 
69 191.939362 20.675299 1.056785e+01 
70 196.129868 20.864143 1.086684e+01 
71 198.523788 21.866261 1.201264e+01 
72 199.444519 22.125237 1.247378e+01 
73 201.205627 22.895130 1.341666e+01 
74 203.536453 22.049932 1.383247e+01 
75 202.316986 21.380371 1.478667e+01 
76 204.399689 21.494373 1.510058e+01 
77 205.283310 22.269512 1.564058e+01 
78 204.818832 22.605061 1.594844e+01 
79 205.078171 22.755875 1.577807e+01 
80 206.212769 23.064579 1.570652e+01 
81 209.664749 23.944340 1.591488e+01 
82 206.807495 24.019270 1.619660e+01 
83 209.244965 24.623060 1.585291e+01 
84 208.753464 25.049595 1.542113e+01 
85 211.739044 25.679232 1.463670e+01 
86 210.517776 26.590942 1.378178e+01 
87 211.263901 26.524515 1.259776e+01 
88 213.861221 26.761753 1.265125e+01 
89 216.869812 26.910646 1.254460e+01 
90 219.105164 26.484442 1.170290e+01 
91 218.533188 25.678616 1.062935e+01 
92 222.132553 25.525227 1.017891e+01 
TRACK_ID  257
POINT_NUM  11
55 242.461655 59.612236 1.842753e+01 
56 243.330124 57.948380 1.849650e+01 
57 244.911743 55.999893 1.775471e+01 
58 248.228912 50.320442 1.935704e+01 
59 249.035721 48.784111 2.054972e+01 
60 250.299423 46.725315 1.926473e+01 
61 247.432907 46.133610 1.471495e+01 
62 245.579971 45.454250 1.212222e+01 
63 245.457367 44.382145 1.145700e+01 
64 246.430313 42.600460 8.958528e+00 
65 246.722702 41.849442 3.761570e+00 
TRACK_ID  261
POINT_NUM  20
56 118.259483 52.744576 1.227728e+01 
57 120.019539 51.691406 1.275777e+01 
58 121.891998 49.566711 1.199545e+01 
59 125.649910 45.468548 1.241157e+01 
60 127.053085 43.209358 1.244593e+01 
61 128.326782 40.444370 1.114823e+01 
62 131.107712 37.249268 1.111601e+01 
63 133.428864 35.584606 1.054862e+01 
64 136.375427 33.950184 9.770180e+00 
65 140.246552 32.324978 9.708989e+00 
66 142.993225 30.456369 1.059481e+01 
67 146.777954 30.192024 1.061116e+01 
68 147.636581 29.114843 1.107828e+01 
69 149.741547 28.098322 1.184365e+01 
70 150.835510 27.424778 1.083092e+01 
71 152.544632 26.473501 9.894806e+00 
72 155.301514 24.916513 9.073524e+00 
73 156.733566 24.432705 9.468033e+00 
74 158.517807 23.813328 8.837361e+00 
75 162.833191 22.915350 8.715964e+00 
TRACK_ID  281
POINT_NUM  12
61 259.508392 39.347473 1.700204e+01 
62 260.551056 35.135960 1.808613e+01 
63 260.393524 32.573330 1.830761e+01 
64 261.577759 31.364004 1.655980e+01 
65 262.703613 30.275316 1.497384e+01 
66 262.987793 29.009716 1.554527e+01 
67 264.414276 29.826508 1.480990e+01 
68 269.259003 30.821932 1.356990e+01 
69 273.551361 31.216599 1.150087e+01 
70 278.240417 32.936974 9.568122e+00 
71 285.493317 33.090153 7.691924e+00 
72 291.941101 32.159763 6.543707e+00 
TRACK_ID  283
POINT_NUM  13
61 303.255249 38.228088 7.190449e+00 
62 306.244568 39.889225 8.592743e+00 
63 308.097534 41.279930 1.098609e+01 
64 310.203674 41.462318 1.193973e+01 
65 312.331787 42.274872 1.290496e+01 
66 314.429993 42.609348 1.397273e+01 
67 317.343018 40.732944 1.322104e+01 
68 319.484131 39.399868 1.195906e+01 
69 321.882629 37.086853 1.113904e+01 
70 322.722626 35.068913 9.940390e+00 
71 322.934204 32.202034 9.363484e+00 
72 321.845062 30.098545 8.284637e+00 
73 321.754089 29.017733 7.845151e+00 
TRACK_ID  292
POINT_NUM  20
41 225.358124 34.556091 9.683149e+00 
42 226.462234 33.277126 8.543896e+00 
43 227.264450 32.958733 7.326797e+00 
44 229.035187 31.991501 6.539166e+00 
45 230.279312 29.483543 6.281307e+00 
46 229.922729 29.490646 5.688004e+00 
47 230.458298 29.000572 6.207638e+00 
48 231.156723 28.928022 6.819516e+00 
49 231.821930 28.797592 7.706607e+00 
50 231.818573 28.475164 7.611905e+00 
51 231.313995 28.190960 7.582680e+00 
52 231.618423 27.986340 7.741417e+00 
53 233.110107 28.262484 7.546735e+00 
54 232.598251 27.491632 6.886180e+00 
55 232.741562 26.427195 6.572876e+00 
56 234.184784 27.385456 6.507736e+00 
57 234.771332 27.447840 6.529386e+00 
58 233.777451 26.748430 5.631165e+00 
59 232.087524 24.056013 5.259821e+00 
60 234.276611 26.336256 5.485241e+00 
TRACK_ID  295
POINT_NUM  23
9 40.768887 -43.566082 9.322965e+00 
10 41.676834 -44.428341 9.498272e+00 
11 46.551334 -43.252735 1.000022e+01 
12 43.747929 -45.575691 1.041742e+01 
13 45.319782 -46.280987 1.134191e+01 
14 47.533566 -46.428150 1.248646e+01 
15 50.329597 -45.839046 1.354496e+01 
16 53.652645 -45.603863 1.462309e+01 
17 55.291805 -44.786160 1.442904e+01 
18 55.611088 -44.181534 1.416490e+01 
19 54.103134 -43.251923 1.395527e+01 
20 51.346649 -42.553768 1.407413e+01 
21 50.282677 -42.524593 1.472331e+01 
22 51.080963 -43.098225 1.563904e+01 
23 52.345612 -42.847725 1.647792e+01 
24 53.772560 -43.188881 1.704877e+01 
25 56.017590 -42.906300 1.754171e+01 
26 58.225941 -43.394028 1.767881e+01 
27 60.908974 -43.657974 1.735937e+01 
28 64.331161 -43.832546 1.702731e+01 
29 66.625168 -43.435478 1.605756e+01 
30 67.760284 -43.441994 1.451311e+01 
31 68.698448 -43.520817 1.270397e+01 
TRACK_ID  296
POINT_NUM  24
30 1.366054 59.141712 2.278242e+01 
31 0.895651 58.733212 2.321284e+01 
32 359.800873 58.733421 2.297174e+01 
33 357.322723 58.830723 2.324803e+01 
34 356.410858 58.881317 2.313117e+01 
35 354.850250 59.365067 2.247104e+01 
36 354.014832 59.755215 2.157722e+01 
37 353.533203 60.424603 2.090292e+01 
38 352.340210 60.464764 1.996477e+01 
39 351.926361 61.066959 2.019541e+01 
40 351.196167 61.075977 2.030414e+01 
41 351.778351 60.744556 2.032309e+01 
42 351.579865 59.584568 2.062869e+01 
43 352.100555 58.203949 2.078784e+01 
44 351.859711 56.779427 2.036690e+01 
45 351.983246 55.304585 2.014699e+01 
46 351.930634 54.282150 1.918391e+01 
47 350.617249 53.504101 1.721989e+01 
48 347.562195 53.378429 1.458285e+01 
49 343.570496 54.261677 1.247785e+01 
50 338.188507 55.534592 1.142205e+01 
51 333.214996 56.250828 1.107549e+01 
52 330.449829 57.078243 1.154098e+01 
53 328.092926 57.793522 1.248828e+01 
TRACK_ID  302
POINT_NUM  11
58 153.646057 -42.757217 1.630711e+01 
59 157.224945 -42.543213 1.583272e+01 
60 159.263687 -42.944923 1.534441e+01 
61 161.220367 -43.668526 1.464193e+01 
62 162.370880 -43.743938 1.358021e+01 
63 163.980667 -44.179291 1.195932e+01 
64 164.775146 -44.519939 1.133781e+01 
65 165.168869 -45.233604 1.087245e+01 
66 166.643631 -46.416328 1.071279e+01 
67 171.261810 -47.479752 1.087825e+01 
68 175.455032 -47.819733 1.123647e+01 
TRACK_ID  305
POINT_NUM  23
33 154.385986 34.238663 6.331459e+00 
34 158.899643 34.773968 8.036168e+00 
35 163.531174 34.433956 9.755478e+00 
36 166.239471 34.431679 1.201956e+01 
37 168.759491 34.334541 1.395482e+01 
38 171.323807 33.949753 1.454737e+01 
39 174.316986 33.717857 1.586843e+01 
40 176.092239 33.214439 1.669265e+01 
41 177.970276 32.200115 1.738252e+01 
42 180.382675 32.302883 1.731871e+01 
43 183.324356 32.475117 1.780065e+01 
44 186.777908 31.415920 1.731245e+01 
45 187.869324 30.431837 1.748856e+01 
46 191.021469 31.395370 1.702806e+01 
47 191.100830 30.386909 1.664745e+01 
48 189.611969 27.194279 1.454271e+01 
49 187.790070 25.363407 1.326248e+01 
50 190.077271 25.208206 1.242001e+01 
51 191.110321 24.616783 1.126881e+01 
52 188.023315 23.609896 9.969614e+00 
53 187.419815 22.766882 9.221392e+00 
54 185.558701 22.776331 8.269878e+00 
55 186.246338 21.838192 8.810601e+00 
TRACK_ID  306
POINT_NUM  8
35 309.522797 -33.473656 2.288144e+00 
36 311.094849 -32.936615 4.327458e+00 
37 313.533508 -31.880388 5.000250e+00 
38 316.328735 -32.709415 4.725897e+00 
39 319.482330 -33.104664 5.099299e+00 
40 320.290710 -33.075565 6.741841e+00 
41 324.320007 -31.726072 6.943220e+00 
42 327.895508 -27.874535 6.088207e+00 
TRACK_ID  310
POINT_NUM  16
41 169.837891 67.729218 1.006377e+01 
42 165.029999 68.388962 1.187865e+01 
43 161.247116 68.889374 1.350842e+01 
44 156.583572 69.011566 1.481467e+01 
45 153.358490 68.759018 1.566420e+01 
46 152.483826 68.974167 1.479290e+01 
47 150.811584 68.404266 1.377119e+01 
48 150.577209 67.537781 1.217403e+01 
49 150.414093 67.051628 1.195676e+01 
50 151.204300 66.550934 1.057737e+01 
51 152.044189 66.679451 9.679721e+00 
52 152.674820 67.205132 9.334143e+00 
53 151.536362 67.881271 9.554068e+00 
54 148.585052 69.798920 9.527973e+00 
55 140.962173 73.949432 1.090856e+01 
56 139.402664 78.271446 1.333989e+01 
TRACK_ID  324
POINT_NUM  25
37 129.416977 43.154453 6.779871e+00 
38 133.879990 42.138409 5.297790e+00 
39 137.760925 42.249043 4.328908e+00 
40 143.023117 42.228149 4.142135e+00 
41 145.786072 43.157990 4.389830e+00 
42 148.803543 42.737617 5.308287e+00 
43 150.672089 43.898205 4.013388e+00 
44 152.862793 42.975975 4.728001e+00 
45 155.715195 42.335075 4.785399e+00 
46 159.249420 41.936703 5.648189e+00 
47 163.724976 41.800987 6.454729e+00 
48 168.763077 42.085136 8.657185e+00 
49 172.725311 41.509274 1.069419e+01 
50 176.357788 41.771549 1.354855e+01 
51 179.533386 41.932808 1.631657e+01 
52 182.111557 41.503792 1.818349e+01 
53 184.195877 41.418873 1.886264e+01 
54 185.853973 41.671234 1.996053e+01 
55 187.060822 41.435741 1.974578e+01 
56 188.034348 42.252914 1.921980e+01 
57 189.107498 43.376820 1.728848e+01 
58 191.398026 47.802734 1.573553e+01 
59 192.231201 50.570183 1.508910e+01 
60 192.670456 52.397327 1.486786e+01 
61 199.724197 57.231808 1.515294e+01 
TRACK_ID  337
POINT_NUM  29
62 177.417786 -44.523552 1.313055e+01 
63 180.348846 -44.114510 1.335466e+01 
64 182.891510 -44.088848 1.369342e+01 
65 185.528534 -43.708679 1.333862e+01 
66 187.784286 -43.540009 1.238930e+01 
67 187.668243 -43.248905 1.190960e+01 
68 187.825684 -42.707367 1.220402e+01 
69 187.727203 -42.941643 1.269233e+01 
70 187.913818 -42.920387 1.307889e+01 
71 188.620514 -42.655037 1.440049e+01 
72 189.780411 -43.293285 1.531484e+01 
73 189.925766 -42.621716 1.623960e+01 
74 191.477203 -42.307102 1.628279e+01 
75 192.047119 -42.154469 1.720326e+01 
76 193.425400 -42.146259 1.784499e+01 
77 193.538315 -41.939781 1.782281e+01 
78 195.485550 -41.641697 1.748776e+01 
79 196.964752 -41.285728 1.779763e+01 
80 197.835129 -41.099239 1.787665e+01 
81 198.284470 -40.609089 1.756483e+01 
82 197.171738 -40.276451 1.679907e+01 
83 197.943237 -39.981247 1.669184e+01 
84 197.409485 -39.790043 1.612267e+01 
85 196.839996 -39.722073 1.517580e+01 
86 196.950104 -39.620281 1.384835e+01 
87 197.273773 -39.704552 1.354267e+01 
88 197.293503 -39.190594 1.311208e+01 
89 197.498672 -39.546024 1.241953e+01 
90 197.600281 -39.349609 1.091215e+01 
TRACK_ID  348
POINT_NUM  41
64 299.773346 -49.053772 1.021494e+01 
65 303.371765 -47.048916 1.005675e+01 
66 306.213593 -45.427017 1.024356e+01 
67 309.397339 -44.118988 1.064567e+01 
68 311.954773 -41.892288 1.210693e+01 
69 314.928802 -40.994656 1.253830e+01 
70 317.797668 -40.462166 1.344392e+01 
71 319.466614 -40.525333 1.315318e+01 
72 322.553955 -39.482246 1.391712e+01 
73 325.770508 -39.069607 1.319435e+01 
74 328.747711 -38.635880 1.268329e+01 
75 330.804260 -38.493801 1.218615e+01 
76 332.932831 -38.498383 1.238232e+01 
77 334.935974 -38.905674 1.180023e+01 
78 337.932953 -38.807243 1.148164e+01 
79 340.061310 -39.286339 1.108026e+01 
80 343.559082 -39.533932 1.052152e+01 
81 345.898376 -39.786858 1.001414e+01 
82 349.984253 -40.063774 1.024605e+01 
83 354.356079 -41.305317 9.828765e+00 
84 358.875427 -41.810760 9.536682e+00 
85 1.980860 -42.793102 1.055155e+01 
86 6.566581 -42.488083 1.116858e+01 
87 11.717659 -43.285114 1.146570e+01 
88 15.737352 -43.454926 1.174645e+01 
89 18.247017 -42.819721 1.194369e+01 
90 21.663076 -42.303448 1.198323e+01 
91 25.993418 -40.774300 1.246574e+01 
92 27.798666 -40.086552 1.204132e+01 
93 30.000631 -39.299828 1.248617e+01 
94 32.154057 -37.897835 1.207382e+01 
95 29.051550 -40.740601 1.295354e+01 
96 32.962791 -39.159470 1.245727e+01 
97 34.279251 -40.889011 1.305161e+01 
98 38.336437 -40.479897 1.359625e+01 
99 42.194538 -40.545147 1.433475e+01 
100 46.673435 -40.570072 1.478831e+01 
101 50.005386 -39.911407 1.545144e+01 
102 51.805855 -39.921288 1.571611e+01 
103 53.185749 -39.905354 1.585435e+01 
104 56.593040 -40.357590 1.593788e+01 
TRACK_ID  360
POINT_NUM  13
67 335.266113 72.973503 1.539618e+01 
68 334.834106 72.373230 1.700018e+01 
69 334.357513 72.623070 1.867018e+01 
70 333.208435 70.847267 2.024981e+01 
71 331.710724 69.596359 2.133237e+01 
72 331.645020 68.806580 2.124549e+01 
73 332.807312 68.496094 2.018150e+01 
74 334.341492 68.854073 1.831463e+01 
75 338.955444 69.462395 1.521065e+01 
76 351.540253 67.541786 1.228846e+01 
77 2.015628 65.153603 1.159587e+01 
78 9.768119 62.908058 1.290671e+01 
79 13.823256 61.589626 1.496990e+01 
TRACK_ID  367
POINT_NUM  22
69 221.210358 66.010880 2.175882e+01 
70 229.299774 64.983894 2.267922e+01 
71 234.922989 62.933681 2.358202e+01 
72 240.091187 58.676426 2.408176e+01 
73 242.137329 57.560883 2.283801e+01 
74 245.293121 56.507442 2.008867e+01 
75 249.794998 56.106709 1.782154e+01 
76 254.971237 52.192406 1.755105e+01 
77 260.350922 50.379356 1.757626e+01 
78 263.045410 48.881016 1.827065e+01 
79 264.695068 47.102173 1.823965e+01 
80 265.855438 41.680744 1.824897e+01 
81 268.272888 40.508446 1.651705e+01 
82 271.209137 39.420509 1.593054e+01 
83 273.743256 38.853764 1.665717e+01 
84 275.820312 39.890282 1.436825e+01 
85 278.561951 39.515507 1.263952e+01 
86 280.611633 37.264877 1.177862e+01 
87 282.284668 37.042473 1.131482e+01 
88 284.583435 35.045536 1.018900e+01 
89 287.154816 33.803497 9.562262e+00 
90 287.684296 33.778515 8.235408e+00 
TRACK_ID  368
POINT_NUM  39
69 336.115479 58.370651 1.607791e+01 
70 339.055298 56.455235 1.814157e+01 
71 342.899719 54.836159 1.990305e+01 
72 347.694702 53.298412 2.117364e+01 
73 351.448608 52.003487 2.214002e+01 
74 354.916382 51.034912 2.329127e+01 
75 357.747223 50.494823 2.335016e+01 
76 359.540100 50.343956 2.351821e+01 
77 2.425771 50.031189 2.373406e+01 
78 4.807488 49.909721 2.378534e+01 
79 6.850324 50.000679 2.268346e+01 
80 9.566228 50.096432 2.189208e+01 
81 12.426595 49.980759 2.163243e+01 
82 16.517284 50.577641 2.030398e+01 
83 24.523266 53.816525 1.996804e+01 
84 30.375269 53.974407 2.088258e+01 
85 33.966038 53.401051 2.124894e+01 
86 37.716698 52.699238 2.174255e+01 
87 40.265385 52.108307 2.211893e+01 
88 42.954395 51.884743 2.151542e+01 
89 44.461815 51.676296 1.978528e+01 
90 45.890987 51.500431 1.829314e+01 
91 45.670258 50.732090 1.653086e+01 
92 45.692421 50.439274 1.521742e+01 
93 44.914463 49.622375 1.463285e+01 
94 45.592911 48.971516 1.353595e+01 
95 46.951763 48.029961 1.225181e+01 
96 48.437881 46.256153 1.016332e+01 
97 51.690041 43.055214 8.802817e+00 
98 55.383545 42.131115 8.260630e+00 
99 58.631805 41.606339 8.847862e+00 
100 60.118675 42.375771 8.029181e+00 
101 60.287983 43.928612 7.639986e+00 
102 61.419296 44.439732 7.855402e+00 
103 63.159370 44.935726 8.185258e+00 
104 62.541168 46.040668 7.126675e+00 
105 60.820900 48.021103 5.942096e+00 
106 60.433716 49.317413 5.557263e+00 
107 58.482609 51.408142 5.701451e+00 
TRACK_ID  399
POINT_NUM  14
75 115.178726 -46.197208 5.626103e+00 
76 117.642563 -45.436680 5.428792e+00 
77 121.271004 -43.552128 5.721192e+00 
78 125.076073 -40.083748 6.858079e+00 
79 127.615349 -39.309448 7.255535e+00 
80 128.929245 -40.064137 7.478615e+00 
81 131.165298 -40.215328 8.693912e+00 
82 132.818344 -40.152946 1.062065e+01 
83 133.177383 -43.846054 1.189653e+01 
84 134.343292 -45.730728 1.194831e+01 
85 137.918579 -44.564487 1.313646e+01 
86 140.327423 -44.989742 1.398107e+01 
87 142.269730 -45.375027 1.318964e+01 
88 143.089920 -46.819706 1.211407e+01 
TRACK_ID  407
POINT_NUM  26
75 182.954681 70.288841 1.509004e+01 
76 186.034363 70.297615 1.714124e+01 
77 189.227936 70.620110 1.878625e+01 
78 192.970169 70.801956 2.068485e+01 
79 196.100021 71.357620 2.338774e+01 
80 200.867233 71.015259 2.509917e+01 
81 204.986206 70.508987 2.625014e+01 
82 210.811386 69.634567 2.641284e+01 
83 218.368607 68.628052 2.623604e+01 
84 224.341110 67.751335 2.512769e+01 
85 233.098022 66.217026 2.337414e+01 
86 243.619476 62.035797 2.196276e+01 
87 249.779099 60.896946 2.043084e+01 
88 255.742920 58.978397 1.955064e+01 
89 261.762054 57.382828 1.799589e+01 
90 269.531769 54.666271 1.798542e+01 
91 279.020172 52.501015 1.966098e+01 
92 283.183533 52.115982 2.084737e+01 
93 287.254822 51.962498 2.082394e+01 
94 290.400665 51.100574 2.002027e+01 
95 293.535706 49.321220 1.818267e+01 
96 297.536774 45.915329 1.553861e+01 
97 302.739990 43.463554 1.431311e+01 
98 307.804810 42.326366 1.397461e+01 
99 311.496552 41.960682 1.287726e+01 
100 316.081360 41.680065 1.006182e+01 
TRACK_ID  437
POINT_NUM  26
80 305.541229 68.340919 5.545881e+00 
81 311.691406 72.398621 7.290285e+00 
82 313.484924 75.162605 9.023165e+00 
83 314.787750 76.517120 1.027407e+01 
84 316.930481 77.581017 1.112296e+01 
85 318.198853 78.788872 1.221888e+01 
86 319.060120 80.367279 1.175072e+01 
87 324.795013 82.912468 1.245523e+01 
88 346.737946 85.535378 1.303644e+01 
89 33.859612 86.917938 1.393814e+01 
90 55.162361 83.686821 1.452220e+01 
91 63.826950 82.710541 1.547171e+01 
92 69.533478 81.862022 1.690701e+01 
93 76.509041 81.277702 1.810905e+01 
94 82.334839 80.351547 1.808402e+01 
95 86.010796 79.266533 1.802850e+01 
96 87.010307 78.280716 1.820010e+01 
97 87.298584 77.818123 1.822327e+01 
98 86.616173 77.221916 1.813325e+01 
99 87.259155 77.074120 1.815934e+01 
100 86.419487 77.277748 1.859954e+01 
101 89.163246 77.532722 1.746466e+01 
102 90.495728 77.489578 1.780096e+01 
103 92.791016 77.825500 1.739679e+01 
104 94.348366 77.795830 1.679006e+01 
105 102.068718 77.326546 1.407559e+01 
TRACK_ID  444
POINT_NUM  23
83 212.212036 -67.554779 8.131186e+00 
84 211.959167 -64.672867 8.902214e+00 
85 211.998459 -62.679886 1.033121e+01 
86 212.609634 -60.772797 1.253187e+01 
87 212.808319 -59.774273 1.478448e+01 
88 214.409378 -58.461529 1.710994e+01 
89 216.581314 -57.426270 1.902654e+01 
90 218.555405 -56.202576 2.114217e+01 
91 220.480042 -55.133495 2.293387e+01 
92 221.322296 -53.719540 2.370641e+01 
93 222.947861 -52.486206 2.368501e+01 
94 223.856506 -51.574238 2.408996e+01 
95 224.647079 -50.896389 2.415236e+01 
96 224.822723 -50.293777 2.293940e+01 
97 225.362488 -50.224987 2.175435e+01 
98 225.716248 -50.012775 2.085274e+01 
99 226.711029 -49.806255 2.012522e+01 
100 226.502838 -49.813210 1.866871e+01 
101 227.884491 -49.294968 1.786601e+01 
102 228.473801 -49.012100 1.661450e+01 
103 229.724701 -48.158993 1.520660e+01 
104 230.334229 -47.596058 1.309299e+01 
105 231.422333 -46.297810 1.105548e+01 
TRACK_ID  461
POINT_NUM  38
87 217.948822 70.102463 1.824964e+01 
88 220.627533 68.778374 1.718855e+01 
89 224.012253 67.708214 1.573462e+01 
90 228.742279 67.020271 1.373193e+01 
91 237.591385 67.178131 1.256713e+01 
92 241.868866 66.443848 1.283108e+01 
93 246.952896 65.726044 1.326096e+01 
94 251.062286 64.565681 1.336397e+01 
95 256.645996 63.250443 1.375965e+01 
96 262.205139 61.925087 1.424961e+01 
97 268.273529 60.274731 1.496175e+01 
98 275.051361 58.354424 1.578020e+01 
99 282.963623 57.036125 1.790629e+01 
100 288.663666 55.770496 1.921341e+01 
101 292.881958 53.828686 1.848224e+01 
102 296.686340 51.313278 1.668769e+01 
103 300.796539 48.494801 1.398026e+01 
104 304.749146 46.610611 1.147849e+01 
105 307.876892 45.722923 9.526237e+00 
106 309.568512 45.635418 8.850711e+00 
107 306.598389 48.606438 8.801459e+00 
108 311.602356 47.170406 8.433285e+00 
109 317.024170 46.276474 8.230181e+00 
110 322.408020 45.760693 9.273652e+00 
111 328.352570 46.270649 1.058160e+01 
112 333.322235 48.005116 1.195955e+01 
113 336.988098 49.339397 1.285304e+01 
114 339.824860 50.257874 1.323853e+01 
115 342.206024 51.418533 1.275411e+01 
116 343.893311 51.207218 1.241271e+01 
117 346.060272 51.038467 1.233151e+01 
118 348.260315 51.419430 1.313552e+01 
119 350.989105 51.750786 1.448437e+01 
120 354.429718 52.242939 1.576438e+01 
121 358.377106 52.384399 1.680253e+01 
122 2.482681 51.987461 1.632815e+01 
123 8.869719 51.686886 1.530856e+01 
124 16.127371 50.406773 1.368921e+01 
TRACK_ID  471
POINT_NUM  11
90 160.121063 32.350716 5.060170e+00 
91 162.825470 29.542999 6.529701e+00 
92 164.944473 28.351295 8.546409e+00 
93 167.199020 28.652723 9.693365e+00 
94 170.233688 27.254705 9.776098e+00 
95 172.133270 26.809959 1.063005e+01 
96 174.557831 25.589109 1.013838e+01 
97 175.399307 24.403374 1.051011e+01 
98 179.310242 24.506365 9.980714e+00 
99 182.142975 23.199461 1.038034e+01 
100 181.086243 22.714397 1.026049e+01 
TRACK_ID  484
POINT_NUM  9
95 216.283737 66.784950 1.187534e+01 
96 222.588257 66.625206 1.142536e+01 
97 231.612183 66.542244 1.023938e+01 
98 241.764755 66.344643 9.324576e+00 
99 248.423157 65.362801 9.838013e+00 
100 254.779404 64.517075 1.098325e+01 
101 261.584137 63.368858 1.211276e+01 
102 268.169525 62.374279 1.146678e+01 
103 275.634796 60.293682 1.045978e+01 
TRACK_ID  486
POINT_NUM  28
96 171.455078 -44.745312 1.309471e+01 
97 175.783768 -46.973251 1.315352e+01 
98 178.605545 -49.538456 1.297814e+01 
99 180.721558 -51.890171 1.379278e+01 
100 183.831512 -53.789284 1.457628e+01 
101 187.151611 -55.754063 1.586918e+01 
102 189.892593 -57.543865 1.672787e+01 
103 194.422577 -58.873192 1.766796e+01 
104 200.072098 -59.398335 1.862378e+01 
105 206.154251 -58.957466 1.835180e+01 
106 212.609329 -57.675388 1.779968e+01 
107 216.291748 -56.431183 1.669576e+01 
108 219.199844 -54.826969 1.633174e+01 
109 221.254288 -53.538490 1.588399e+01 
110 222.524521 -52.232063 1.583136e+01 
111 222.567734 -51.111126 1.572543e+01 
112 219.871201 -49.791786 1.608049e+01 
113 220.008224 -48.612881 1.632556e+01 
114 219.112122 -48.071854 1.707770e+01 
115 219.687500 -46.834560 1.734056e+01 
116 218.389587 -46.531097 1.768526e+01 
117 215.011383 -46.211170 1.756005e+01 
118 214.465897 -45.775692 1.737323e+01 
119 213.278610 -45.646557 1.707184e+01 
120 212.036392 -45.891945 1.786412e+01 
121 211.990173 -45.765640 1.742392e+01 
122 211.274979 -46.123173 1.714227e+01 
123 211.157364 -45.894028 1.757147e+01 
TRACK_ID  493
POINT_NUM  15
97 170.527588 65.211555 1.271549e+01 
98 171.309967 65.494812 1.515300e+01 
99 174.354935 65.486420 1.740736e+01 
100 177.355072 65.301926 1.879098e+01 
101 179.895157 64.990974 1.999490e+01 
102 182.842972 64.491753 2.106368e+01 
103 184.634109 64.156761 2.145726e+01 
104 186.410431 63.489380 2.133881e+01 
105 186.850815 63.078331 2.058717e+01 
106 187.825928 62.279167 1.872095e+01 
107 188.289627 61.601921 1.674403e+01 
108 190.037704 60.683857 1.410364e+01 
109 192.570892 61.855816 1.142632e+01 
110 193.913727 63.250446 9.023275e+00 
111 193.764801 63.909889 8.002468e+00 
TRACK_ID  507
POINT_NUM  21
101 341.089935 46.306168 1.314875e+01 
102 347.467133 48.353050 1.654629e+01 
103 353.700287 50.088268 2.024454e+01 
104 358.763519 50.868141 2.278488e+01 
105 1.649128 51.254688 2.436217e+01 
106 4.048300 51.363167 2.486715e+01 
107 5.482491 51.882572 2.443182e+01 
108 7.926623 52.254337 2.390066e+01 
109 10.785755 52.432228 2.317109e+01 
110 13.353223 52.694794 2.210184e+01 
111 16.746313 53.363792 2.083541e+01 
112 20.956718 53.217480 2.018806e+01 
113 24.734161 52.984158 1.996543e+01 
114 27.635288 52.713890 1.932814e+01 
115 29.709011 51.821949 1.855373e+01 
116 29.444384 50.574928 1.739158e+01 
117 27.862112 49.172272 1.648961e+01 
118 25.638626 47.920971 1.522091e+01 
119 25.636406 47.177521 1.369289e+01 
120 24.562420 47.114323 1.228135e+01 
121 23.635641 47.412777 1.180993e+01 
TRACK_ID  509
POINT_NUM  8
102 124.559219 -36.992687 1.701623e+01 
103 123.267113 -37.022602 1.681077e+01 
104 125.916557 -35.551014 1.706157e+01 
105 128.892227 -35.427166 1.688724e+01 
106 131.737106 -35.943352 1.824583e+01 
107 135.015518 -36.310600 1.736352e+01 
108 137.500626 -36.465786 1.643643e+01 
109 140.207275 -37.282276 1.583844e+01 
TRACK_ID  519
POINT_NUM  21
104 240.433167 66.188347 1.388222e+01 
105 243.293289 66.677437 1.559231e+01 
106 242.429810 68.839973 1.650537e+01 
107 247.849945 69.688057 1.823973e+01 
108 252.942978 69.242088 1.993196e+01 
109 259.009125 68.126472 2.070936e+01 
110 263.313080 66.966133 2.136760e+01 
111 267.048126 65.891418 2.149206e+01 
112 271.278595 64.316116 2.087101e+01 
113 276.590240 62.663269 2.024352e+01 
114 281.809204 60.609581 2.003425e+01 
115 285.879425 58.682034 1.957652e+01 
116 289.245453 57.014336 1.910155e+01 
117 292.113068 55.273621 1.822720e+01 
118 294.041046 53.327297 1.787357e+01 
119 294.689606 51.406170 1.715079e+01 
120 295.013855 49.784466 1.498606e+01 
121 296.638733 48.827515 1.234513e+01 
122 295.442688 47.660198 9.635015e+00 
123 294.053192 45.344845 5.881356e+00 
124 292.511444 43.272877 2.058144e+00 
TRACK_ID  522
POINT_NUM  19
105 14.650989 -46.985401 2.074683e+00 
106 17.629404 -48.449707 4.034947e+00 
107 21.285959 -48.479088 6.040639e+00 
108 24.873386 -49.054131 8.573776e+00 
109 27.502171 -50.357197 1.094109e+01 
110 30.989822 -50.646191 1.287073e+01 
111 34.516335 -50.400059 1.497888e+01 
112 38.860767 -49.181934 1.605843e+01 
113 40.465397 -49.164837 1.744518e+01 
114 43.531734 -47.861389 1.808825e+01 
115 45.360123 -48.230705 1.937297e+01 
116 47.325249 -47.425308 2.002574e+01 
117 49.265480 -46.744019 1.995035e+01 
118 50.374287 -46.278687 1.969533e+01 
119 52.476040 -45.347328 1.849467e+01 
120 53.882137 -45.156750 1.692662e+01 
121 54.548817 -42.461227 1.477843e+01 
122 53.813133 -40.267784 1.261500e+01 
123 48.580280 -39.302906 1.080729e+01 
TRACK_ID  534
POINT_NUM  17
108 104.341537 81.497185 8.231423e+00 
109 122.968727 85.520035 8.315793e+00 
110 160.170609 85.614220 9.067929e+00 
111 179.669220 83.530876 1.008334e+01 
112 179.102722 82.374374 1.210066e+01 
113 179.172134 80.741516 1.453367e+01 
114 171.721878 80.238922 1.711805e+01 
115 167.230225 79.575172 1.993940e+01 
116 161.877060 78.913910 2.084576e+01 
117 157.380096 78.549271 2.081283e+01 
118 156.577164 78.856026 2.045520e+01 
119 156.915894 79.095688 1.988267e+01 
120 156.411484 79.186363 1.940130e+01 
121 144.619034 77.317154 1.877926e+01 
122 133.347900 73.926460 1.832631e+01 
123 131.318573 72.912682 1.860839e+01 
124 129.345383 72.228798 1.765760e+01 
TRACK_ID  536
POINT_NUM  12
109 301.229736 -48.261509 1.262349e+01 
110 304.674896 -48.702122 1.546593e+01 
111 308.439453 -49.005257 1.790245e+01 
112 311.776978 -48.752552 1.958592e+01 
113 313.654358 -48.603611 2.006234e+01 
114 316.261597 -48.711781 2.037509e+01 
115 317.912994 -48.607117 2.023080e+01 
116 321.123169 -47.735302 1.986877e+01 
117 323.893219 -46.947506 1.959611e+01 
118 326.714539 -45.670799 1.766924e+01 
119 329.283813 -44.688641 1.564526e+01 
120 333.201172 -43.191410 1.346226e+01 
TRACK_ID  540
POINT_NUM  16
109 181.747406 54.793362 1.035086e+01 
110 181.038345 52.690216 8.537349e+00 
111 180.485092 51.093296 7.424462e+00 
112 181.694427 49.672573 6.482378e+00 
113 182.509949 48.772903 6.009894e+00 
114 185.051620 47.623219 5.770081e+00 
115 186.957703 46.399784 5.724614e+00 
116 189.335815 45.735443 6.226920e+00 
117 191.157547 45.123436 6.078393e+00 
118 193.460129 44.707851 7.646942e+00 
119 195.368729 44.418179 8.887005e+00 
120 197.381241 44.488113 1.026039e+01 
121 199.097000 44.840107 1.143858e+01 
122 200.390182 44.796715 1.251096e+01 
123 201.469757 45.248734 1.325994e+01 
124 202.629227 44.831188 1.301416e+01 
TRACK_ID  541
POINT_NUM  11
109 260.973846 25.810835 1.538839e+00 
110 261.343628 23.946228 4.168356e+00 
111 261.366974 23.822828 6.406721e+00 
112 262.807892 23.265966 6.420497e+00 
113 264.686188 21.869881 6.308635e+00 
114 263.866943 21.769213 6.280959e+00 
115 264.373383 21.257853 5.962042e+00 
116 265.844849 21.271141 5.275553e+00 
117 266.377991 21.038128 5.747112e+00 
118 266.787781 20.069397 4.652065e+00 
119 269.200317 18.945013 3.608312e+00 
TRACK_ID  572
POINT_NUM  9
116 233.960281 76.275627 1.975369e+01 
117 238.946808 76.109818 2.183011e+01 
118 242.714310 75.244438 2.306091e+01 
119 246.905136 74.385307 2.291267e+01 
120 251.108215 73.366493 2.213072e+01 
121 256.773651 71.368736 2.092190e+01 
122 260.401093 70.024590 1.947166e+01 
123 263.927704 68.951813 1.849759e+01 
124 269.755280 64.069931 1.734099e+01 
TRACK_ID  579
POINT_NUM  8
117 297.937836 -53.354702 9.351134e+00 
118 301.136292 -53.804752 1.203776e+01 
119 305.504608 -54.267673 1.446153e+01 
120 309.362244 -54.313057 1.662335e+01 
121 313.622253 -54.094418 1.761047e+01 
122 317.712952 -53.757687 1.745642e+01 
123 321.640259 -53.251720 1.709838e+01 
124 325.938232 -52.505455 1.603609e+01 
TRACK_ID  615
POINT_NUM  18
68 37.182404 48.272301 8.959547e+00 
69 40.785011 48.951420 9.892077e+00 
70 44.608921 49.175556 9.757659e+00 
71 48.736511 49.164680 1.015462e+01 
72 52.381332 49.158855 9.804106e+00 
73 55.423786 49.539227 1.023191e+01 
74 58.153515 49.193420 1.155519e+01 
75 60.276566 49.609131 1.337292e+01 
76 61.768715 49.647820 1.313960e+01 
77 63.399067 49.791847 1.286471e+01 
78 65.037735 50.122166 1.320586e+01 
79 66.975975 50.673748 1.351255e+01 
80 69.053040 51.350697 1.261551e+01 
81 70.891251 51.898140 1.195567e+01 
82 73.141174 52.655865 1.187196e+01 
83 74.116547 52.869263 1.110484e+01 
84 76.177467 53.638817 9.419924e+00 
85 79.227066 55.001194 7.354703e+00 
TRACK_ID  625
POINT_NUM  12
92 357.030548 44.044861 1.683184e+01 
93 356.834137 44.077038 1.703093e+01 
94 357.334167 45.014385 1.748512e+01 
95 358.407898 46.964470 1.732539e+01 
96 0.225262 49.047718 1.736700e+01 
97 1.196007 50.568447 1.787392e+01 
98 3.612866 51.076206 1.780304e+01 
99 6.331485 51.337627 1.649341e+01 
100 8.987938 51.695477 1.527576e+01 
101 12.283450 52.279968 1.467863e+01 
102 14.294057 50.149223 1.293176e+01 
103 17.072042 48.484680 9.107947e+00 
TRACK_ID  634
POINT_NUM  12
99 277.658630 -33.038486 4.967815e+00 
100 281.111603 -35.234440 5.416141e+00 
101 282.966919 -38.947990 5.524681e+00 
102 284.685425 -41.369884 4.492022e+00 
103 285.377808 -40.347702 4.990520e+00 
104 283.491669 -38.411854 6.535041e+00 
105 282.777039 -40.225716 7.858280e+00 
106 281.488098 -42.404568 9.570909e+00 
107 282.765594 -44.191166 1.181722e+01 
108 282.404144 -44.308453 1.341370e+01 
109 283.242035 -45.054314 1.326572e+01 
110 285.100830 -46.450241 1.156550e+01 
TRACK_ID  653
POINT_NUM  26
76 42.281803 -40.372318 1.423547e+01 
77 42.998566 -40.361820 1.376046e+01 
78 46.670494 -40.645718 1.434251e+01 
79 46.485443 -40.983871 1.442303e+01 
80 48.594715 -41.259289 1.413391e+01 
81 50.939526 -41.512878 1.393544e+01 
82 54.110992 -41.598118 1.376252e+01 
83 56.916271 -41.569050 1.308922e+01 
84 59.832031 -41.778080 1.271418e+01 
85 64.926071 -40.647545 1.283632e+01 
86 68.764481 -39.882332 1.285925e+01 
87 69.340652 -41.561073 1.219152e+01 
88 72.568787 -40.480137 1.165107e+01 
89 76.434875 -39.202438 1.181349e+01 
90 79.849426 -39.403198 1.229929e+01 
91 83.721184 -39.401146 1.210818e+01 
92 87.147606 -39.261494 1.300513e+01 
93 89.972443 -39.060532 1.437614e+01 
94 92.783127 -38.752529 1.510743e+01 
95 96.077354 -39.410316 1.601329e+01 
96 98.647614 -39.405060 1.699502e+01 
97 101.094376 -38.733982 1.724987e+01 
98 103.747452 -38.518768 1.774291e+01 
99 108.062584 -38.582523 1.784653e+01 
100 111.309334 -38.324001 1.655963e+01 
101 115.088326 -37.988144 1.677184e+01 
