0
0 0
TRACK_NUM       126 ADD_FLD    0   0 &
TRACK_ID  1
POINT_NUM  23
1 325.375854 -48.548820 1.538885e+01 
2 328.339844 -48.488564 1.860327e+01 
3 331.247406 -49.535038 2.232730e+01 
4 333.851685 -51.082489 2.497946e+01 
5 335.353638 -52.398499 2.746515e+01 
6 336.461853 -53.523228 2.836945e+01 
7 337.831177 -54.106518 2.937906e+01 
8 339.853210 -54.650707 2.978416e+01 
9 342.328522 -55.287594 2.887732e+01 
10 345.258789 -56.128307 2.676797e+01 
11 349.026154 -57.193993 2.523142e+01 
12 352.977081 -58.024666 2.377354e+01 
13 356.950714 -58.783642 2.297259e+01 
14 0.700760 -59.013523 2.200552e+01 
15 4.793531 -59.254082 2.108986e+01 
16 9.874607 -59.814373 2.003234e+01 
17 15.590125 -60.682125 1.775588e+01 
18 19.987017 -61.425533 1.541459e+01 
19 20.833754 -61.802265 1.312306e+01 
20 24.617449 -62.351185 1.170169e+01 
21 29.584949 -63.272331 1.017744e+01 
22 33.205566 -63.970848 8.358418e+00 
23 33.830441 -64.103386 6.999619e+00 
TRACK_ID  6
POINT_NUM  28
1 257.756958 -54.121155 3.276267e+01 
2 259.198975 -54.792492 3.327789e+01 
3 261.161743 -55.382019 3.291579e+01 
4 263.334290 -55.915466 3.073089e+01 
5 266.511627 -56.843048 2.777340e+01 
6 269.888550 -58.038414 2.498830e+01 
7 273.321472 -59.806034 2.216850e+01 
8 276.226837 -61.536335 1.999215e+01 
9 278.812927 -63.007305 1.806607e+01 
10 280.076508 -63.953064 1.574965e+01 
11 281.638428 -64.640396 1.440838e+01 
12 283.433197 -65.305191 1.243787e+01 
13 285.837372 -65.611176 1.089520e+01 
14 289.384460 -65.399925 9.541375e+00 
15 300.359222 -65.014656 9.619807e+00 
16 306.807159 -65.164253 1.080836e+01 
17 312.487091 -64.917068 1.275768e+01 
18 319.871704 -64.729652 1.364008e+01 
19 326.784515 -64.785751 1.569174e+01 
20 331.833466 -64.955490 1.679491e+01 
21 335.913605 -64.763000 1.815433e+01 
22 340.982147 -64.267891 1.739864e+01 
23 349.238892 -62.355999 1.774654e+01 
24 355.500244 -61.274723 1.846179e+01 
25 359.464752 -60.609711 1.909666e+01 
26 3.172226 -60.027786 1.895342e+01 
27 5.365892 -59.914173 1.884199e+01 
28 7.300784 -59.624603 1.965083e+01 
TRACK_ID  8
POINT_NUM  48
1 39.472561 -21.666271 7.613243e+00 
2 40.608219 -21.758314 7.560147e+00 
3 42.014790 -22.070147 6.369995e+00 
4 42.701187 -22.072527 6.357702e+00 
5 43.341305 -21.680134 5.939994e+00 
6 44.880192 -21.585009 5.230334e+00 
7 48.018215 -20.979429 4.517096e+00 
8 48.733555 -20.956783 4.692679e+00 
9 49.642448 -21.322945 5.035460e+00 
10 50.558102 -21.832823 6.101229e+00 
11 51.441311 -22.269043 6.566223e+00 
12 53.062004 -24.050196 6.934670e+00 
13 54.366814 -25.637096 8.478196e+00 
14 56.047359 -27.020000 9.252090e+00 
15 58.074158 -28.294085 1.033212e+01 
16 59.499260 -28.853399 1.135549e+01 
17 61.249454 -29.621820 1.178813e+01 
18 62.511475 -30.037510 1.135380e+01 
19 64.281166 -30.251595 1.157485e+01 
20 65.292038 -30.405670 1.082525e+01 
21 66.489182 -30.632593 1.026223e+01 
22 67.707031 -30.818563 9.322750e+00 
23 69.265648 -31.113857 9.782982e+00 
24 70.178932 -31.039370 9.073380e+00 
25 71.051483 -30.877491 8.851749e+00 
26 72.367653 -30.985767 8.386933e+00 
27 72.478416 -30.098841 8.853518e+00 
28 72.659126 -30.022068 8.594664e+00 
29 72.342339 -29.927540 8.982473e+00 
30 72.227692 -30.090605 8.615797e+00 
31 71.884171 -30.451643 9.205871e+00 
32 71.817429 -31.199854 8.797279e+00 
33 71.885582 -32.042591 8.463316e+00 
34 72.134628 -32.930206 7.989156e+00 
35 72.671684 -33.262104 8.628898e+00 
36 73.380127 -33.763542 7.988397e+00 
37 74.596741 -34.256580 7.941779e+00 
38 76.098640 -34.846737 7.386537e+00 
39 78.144089 -35.370941 7.598516e+00 
40 80.603218 -35.775745 7.183963e+00 
41 83.892815 -36.741901 6.982611e+00 
42 86.461983 -37.259426 7.111884e+00 
43 88.836441 -37.620300 7.362108e+00 
44 91.201759 -38.417305 8.153767e+00 
45 93.207146 -39.435982 8.971039e+00 
46 94.353966 -40.553040 8.848351e+00 
47 95.856285 -42.436630 8.754329e+00 
48 96.237404 -45.581306 9.631786e+00 
TRACK_ID  14
POINT_NUM  14
1 55.718960 55.311760 2.325756e+01 
2 59.545895 55.416733 2.315079e+01 
3 64.968781 55.697601 2.241362e+01 
4 70.477493 56.132893 2.308949e+01 
5 75.931465 56.664562 2.478781e+01 
6 80.307335 56.933636 2.536147e+01 
7 85.132851 57.358921 2.629530e+01 
8 90.810555 57.927128 2.539791e+01 
9 95.931389 58.185276 2.310628e+01 
10 99.618156 58.476242 1.914388e+01 
11 103.182663 58.509270 1.655764e+01 
12 106.941376 58.617699 1.418803e+01 
13 110.703537 58.421623 1.157146e+01 
14 114.728088 58.648884 7.897753e+00 
TRACK_ID  16
POINT_NUM  17
1 10.443091 79.178490 5.357486e+00 
2 18.369492 80.224365 8.992912e+00 
3 28.189287 80.763458 1.278600e+01 
4 37.636288 80.705849 1.696646e+01 
5 47.344868 80.234459 2.008180e+01 
6 54.833855 79.528069 2.340017e+01 
7 60.010700 78.803551 2.545965e+01 
8 62.801590 77.964256 2.640255e+01 
9 65.043976 77.117241 2.608626e+01 
10 66.788689 76.481262 2.543078e+01 
11 68.067184 75.785088 2.446879e+01 
12 69.198593 75.401306 2.373776e+01 
13 69.590500 74.775803 2.302660e+01 
14 70.206589 74.031303 2.280243e+01 
15 73.108826 73.787300 2.209274e+01 
16 76.164497 74.128822 2.033628e+01 
17 78.800301 75.141472 1.864640e+01 
TRACK_ID  17
POINT_NUM  20
1 159.474762 39.429585 1.927387e+01 
2 167.013718 41.136150 1.954557e+01 
3 172.952789 42.672291 2.095913e+01 
4 177.382935 43.692318 2.600963e+01 
5 181.872681 45.443565 3.431118e+01 
6 185.587936 47.244198 4.242820e+01 
7 188.457870 49.205933 4.862541e+01 
8 190.282181 50.916676 5.317373e+01 
9 191.390350 52.161774 5.504562e+01 
10 192.177094 53.109138 5.513668e+01 
11 192.727356 53.909504 5.228793e+01 
12 192.794312 54.425953 5.022941e+01 
13 192.918808 54.907234 4.672395e+01 
14 193.196014 55.278011 4.441687e+01 
15 193.796921 55.688499 4.122474e+01 
16 194.844116 56.140560 3.897545e+01 
17 196.119263 56.727036 3.622977e+01 
18 197.392593 57.312756 3.302281e+01 
19 198.790588 58.029240 2.727589e+01 
20 200.713272 58.787834 2.022145e+01 
TRACK_ID  20
POINT_NUM  9
1 235.605270 33.799656 2.802987e+00 
2 238.656067 32.629417 4.081981e+00 
3 241.787094 31.863714 4.788643e+00 
4 244.927094 31.604811 5.054591e+00 
5 248.880920 31.919977 6.066443e+00 
6 249.794113 32.598766 5.621383e+00 
7 251.877792 31.915382 4.363953e+00 
8 254.942047 28.711559 3.438807e+00 
9 256.331116 26.639254 3.863110e+00 
TRACK_ID  34
POINT_NUM  14
2 115.201477 -61.765694 1.873635e+01 
3 124.378677 -62.516876 2.191749e+01 
4 133.368820 -62.938515 2.436416e+01 
5 140.850891 -63.302979 2.534037e+01 
6 147.082108 -63.490841 2.443989e+01 
7 153.485077 -63.098179 2.465515e+01 
8 164.068695 -63.021206 2.412736e+01 
9 175.757187 -63.422268 2.405492e+01 
10 184.705231 -64.165047 2.366001e+01 
11 190.954681 -65.363533 2.252469e+01 
12 196.476822 -66.937202 2.146178e+01 
13 200.862442 -68.686142 1.997436e+01 
14 204.345123 -69.439598 1.838668e+01 
15 206.502792 -69.950912 1.607740e+01 
TRACK_ID  37
POINT_NUM  10
2 124.034203 48.735783 3.377192e+00 
3 129.807312 49.563915 1.890363e+00 
4 135.493042 49.811382 2.253703e+00 
5 139.671249 47.271740 3.026708e+00 
6 142.555496 46.287361 3.774593e+00 
7 145.168427 44.939171 4.150552e+00 
8 149.075836 45.547470 3.834760e+00 
9 153.879761 47.066055 3.490965e+00 
10 157.401764 47.030918 2.856819e+00 
11 161.186020 47.344082 2.398623e+00 
TRACK_ID  41
POINT_NUM  24
3 276.493011 58.018970 1.662308e+01 
4 282.289886 58.788620 1.777230e+01 
5 285.369568 61.210072 1.864625e+01 
6 288.276245 61.012115 1.849030e+01 
7 285.677155 62.139492 1.885164e+01 
8 292.079681 61.706791 1.880529e+01 
9 294.516693 62.022926 2.069815e+01 
10 295.401917 62.735909 2.245822e+01 
11 294.376007 63.217468 2.409249e+01 
12 292.092316 63.528442 2.406778e+01 
13 291.362396 63.313126 2.402120e+01 
14 290.374329 63.372185 2.186448e+01 
15 289.759766 63.278866 1.976335e+01 
16 289.277008 63.568836 1.721790e+01 
17 290.380737 63.835987 1.545780e+01 
18 289.539490 64.441010 1.364031e+01 
19 288.534210 64.932655 1.199493e+01 
20 289.815643 67.297195 1.021162e+01 
21 290.142731 69.373520 9.823189e+00 
22 290.274292 70.411781 1.190051e+01 
23 291.366486 71.366333 1.374837e+01 
24 293.052795 72.834427 1.442593e+01 
25 291.288818 74.219124 1.212241e+01 
26 287.086731 74.629196 9.059232e+00 
TRACK_ID  42
POINT_NUM  20
3 24.928988 50.001717 7.305134e+00 
4 28.855360 49.755001 8.897314e+00 
5 32.349995 49.798061 1.043370e+01 
6 35.918365 49.847115 1.180308e+01 
7 39.528130 50.214115 1.152078e+01 
8 43.030392 50.210342 1.148509e+01 
9 45.612595 49.789669 1.166410e+01 
10 48.323277 50.243607 1.192236e+01 
11 50.493927 51.184410 1.162221e+01 
12 52.585442 52.112850 1.294057e+01 
13 54.497208 53.250034 1.300718e+01 
14 56.829716 54.069534 1.319216e+01 
15 60.832443 54.734268 1.229430e+01 
16 65.304939 55.351059 1.422489e+01 
17 69.373566 56.519871 1.607079e+01 
18 73.036209 57.672546 1.706685e+01 
19 77.411270 58.916874 1.808664e+01 
20 81.333389 59.629719 1.908730e+01 
21 84.958580 60.299839 1.912996e+01 
22 88.417458 61.062695 1.725394e+01 
TRACK_ID  43
POINT_NUM  16
5 215.328491 -67.327866 1.173761e+01 
6 228.911270 -65.820488 1.101643e+01 
7 238.022202 -63.327026 1.217248e+01 
8 245.084854 -59.930729 1.262514e+01 
9 249.566910 -56.258080 1.365442e+01 
10 253.003998 -53.413471 1.313370e+01 
11 255.603912 -50.628281 1.322045e+01 
12 257.924377 -48.190857 1.214146e+01 
13 260.230621 -46.108673 1.044735e+01 
14 262.333679 -44.512135 8.420339e+00 
15 263.206879 -42.637547 7.084088e+00 
16 260.806763 -37.720425 5.818529e+00 
17 261.233521 -35.814198 5.253033e+00 
18 262.739471 -35.634354 4.575762e+00 
19 263.511414 -34.603249 4.360859e+00 
20 262.761566 -34.562008 3.003008e+00 
TRACK_ID  49
POINT_NUM  19
5 206.378235 -34.157326 1.569020e+00 
6 205.783188 -35.481548 2.622293e+00 
7 205.334625 -36.902996 3.215616e+00 
8 205.830032 -37.613750 3.485040e+00 
9 206.512009 -38.572029 4.061482e+00 
10 207.361084 -39.377316 4.950429e+00 
11 208.498154 -40.441216 5.259378e+00 
12 210.192169 -41.271191 5.639955e+00 
13 211.646469 -42.046204 5.996099e+00 
14 212.979279 -42.666428 6.210231e+00 
15 214.710144 -43.440449 5.903448e+00 
16 216.517288 -43.591694 5.334321e+00 
17 218.580933 -44.002594 4.882923e+00 
18 220.163071 -43.771046 4.042671e+00 
19 221.990814 -43.611279 3.766556e+00 
20 223.651245 -43.704102 3.325867e+00 
21 224.732925 -43.283257 3.052027e+00 
22 225.865250 -43.392647 2.456002e+00 
23 227.260208 -43.567272 1.900923e+00 
TRACK_ID  53
POINT_NUM  18
6 55.946869 -54.100990 2.567341e+01 
7 61.070019 -53.161842 2.824089e+01 
8 65.877731 -52.700401 2.910249e+01 
9 71.247955 -53.055534 2.882170e+01 
10 76.770279 -54.030270 2.809383e+01 
11 85.145630 -57.884098 2.922133e+01 
12 88.549004 -59.263710 3.149656e+01 
13 91.751984 -59.982559 3.418402e+01 
14 95.216125 -60.883900 3.506252e+01 
15 99.496117 -61.719444 3.391351e+01 
16 101.958450 -62.216885 3.266357e+01 
17 102.462837 -62.507240 3.081627e+01 
18 101.713730 -62.746689 2.830827e+01 
19 102.880539 -62.696095 2.544660e+01 
20 104.058334 -62.482044 2.270117e+01 
21 107.343872 -62.475075 2.043235e+01 
22 109.929588 -62.826206 1.857695e+01 
23 115.478920 -63.095295 1.723019e+01 
TRACK_ID  62
POINT_NUM  16
7 290.600250 34.345055 3.170805e+00 
8 292.386749 34.754093 4.894715e+00 
9 294.907532 35.150398 7.116590e+00 
10 297.599304 35.822956 9.873336e+00 
11 300.479950 36.577328 1.262172e+01 
12 303.579437 37.418858 1.535352e+01 
13 307.184509 38.532406 1.837234e+01 
14 310.098511 40.225353 2.169723e+01 
15 312.527924 41.852924 2.441717e+01 
16 314.533813 43.455421 2.534056e+01 
17 316.282318 45.357285 2.568779e+01 
18 317.738342 47.248875 2.507939e+01 
19 318.735260 49.340145 2.511176e+01 
20 318.683807 51.897812 2.432739e+01 
21 317.108459 54.425819 2.486539e+01 
22 314.956299 56.220959 2.366430e+01 
TRACK_ID  69
POINT_NUM  28
9 131.355972 31.950907 4.151924e+00 
10 134.707245 34.528030 5.328881e+00 
11 137.966278 34.730167 6.587454e+00 
12 141.296280 34.816475 8.549163e+00 
13 145.158875 35.468941 1.030108e+01 
14 149.674545 35.898262 1.209306e+01 
15 154.882828 36.801712 1.377983e+01 
16 160.170563 37.608829 1.587912e+01 
17 165.944061 38.644341 1.804635e+01 
18 172.129410 40.539536 2.125686e+01 
19 176.921860 42.443050 2.650044e+01 
20 181.215729 44.506111 3.077605e+01 
21 184.907959 47.401886 3.602104e+01 
22 187.284943 50.373177 4.060874e+01 
23 188.612000 52.769230 4.555062e+01 
24 189.274811 54.777706 4.845655e+01 
25 189.642731 56.439178 4.914553e+01 
26 189.677002 57.755299 4.885257e+01 
27 189.509186 58.922508 4.592773e+01 
28 189.019653 60.013363 4.259469e+01 
29 188.253860 61.037582 3.771073e+01 
30 187.270950 62.193104 3.386726e+01 
31 186.206772 63.162315 2.876897e+01 
32 184.621796 64.322510 2.443000e+01 
33 182.929367 65.367683 1.865141e+01 
34 181.101486 66.971931 1.374389e+01 
35 178.369232 69.564873 9.052023e+00 
36 172.388687 72.592766 8.311948e+00 
TRACK_ID  75
POINT_NUM  24
10 277.554016 48.476376 5.740500e+00 
11 278.470795 47.066975 5.139138e+00 
12 282.485687 46.698456 5.111639e+00 
13 286.524597 46.585651 4.252059e+00 
14 289.315247 45.985851 4.317288e+00 
15 290.534760 43.663353 4.776604e+00 
16 290.998383 37.884129 7.378300e+00 
17 294.840912 37.830429 1.083324e+01 
18 298.870850 38.941757 1.516678e+01 
19 303.012848 40.155933 2.010377e+01 
20 306.855682 41.741520 2.344818e+01 
21 310.476257 43.803822 2.645191e+01 
22 313.246704 46.129318 2.955124e+01 
23 315.240265 48.402153 3.322065e+01 
24 316.255707 50.175724 3.882335e+01 
25 316.401276 51.615253 4.340531e+01 
26 315.541199 52.579376 4.529700e+01 
27 314.866028 52.916607 4.626263e+01 
28 314.640442 53.051266 4.354043e+01 
29 315.164093 53.108852 4.067057e+01 
30 315.789429 53.653343 3.949481e+01 
31 315.685669 54.745899 4.064305e+01 
32 314.761597 55.286957 4.033096e+01 
33 314.738922 55.164242 3.836724e+01 
TRACK_ID  76
POINT_NUM  12
10 107.194237 49.324718 1.631522e+01 
11 111.142776 47.868290 1.538325e+01 
12 115.774330 46.531124 1.464738e+01 
13 119.632751 45.645252 1.440999e+01 
14 122.857361 45.138039 1.374441e+01 
15 126.720894 45.219700 1.184453e+01 
16 130.187119 45.200500 1.144310e+01 
17 134.023483 44.653584 1.080160e+01 
18 137.585052 44.340702 9.151034e+00 
19 141.926559 44.173729 8.737500e+00 
20 144.516129 44.089535 8.204803e+00 
21 144.515213 43.580639 6.912578e+00 
TRACK_ID  90
POINT_NUM  8
12 9.376326 53.454437 1.697593e+01 
13 14.405394 53.088573 1.512511e+01 
14 18.504341 52.658356 1.361483e+01 
15 21.673401 52.410301 1.241904e+01 
16 24.399687 51.989990 9.897115e+00 
17 30.847391 49.011890 6.896263e+00 
18 37.165684 46.986748 6.470142e+00 
19 42.812191 46.958649 4.948281e+00 
TRACK_ID  91
POINT_NUM  24
13 164.339447 -51.668621 1.137560e+01 
14 169.753204 -51.580814 1.372043e+01 
15 174.584854 -52.456585 1.617708e+01 
16 179.673889 -54.045540 1.818875e+01 
17 184.697571 -56.010826 1.975478e+01 
18 190.505905 -58.182747 1.982964e+01 
19 197.189392 -60.475014 1.959203e+01 
20 204.972000 -62.594307 1.865222e+01 
21 213.727631 -64.377556 1.821653e+01 
22 223.084106 -65.467499 1.797525e+01 
23 232.274521 -65.652519 1.814019e+01 
24 242.007980 -65.335297 1.906644e+01 
25 251.306076 -64.524796 2.019974e+01 
26 260.164337 -63.520100 2.140196e+01 
27 267.447266 -62.523094 2.251086e+01 
28 273.413605 -61.734299 2.302805e+01 
29 278.580841 -61.220951 2.275294e+01 
30 282.739197 -60.927036 2.228377e+01 
31 286.350891 -60.846115 2.125916e+01 
32 289.722290 -60.708309 1.983195e+01 
33 292.722443 -60.723114 1.802970e+01 
34 295.514282 -60.372307 1.640379e+01 
35 297.949493 -59.911289 1.472580e+01 
36 300.568451 -59.113865 1.269661e+01 
TRACK_ID  93
POINT_NUM  48
13 317.236267 -23.810312 3.441020e+00 
14 318.235413 -24.271860 5.209406e+00 
15 319.125885 -24.180155 6.432988e+00 
16 319.935425 -23.788660 6.434939e+00 
17 321.056976 -23.960339 7.557511e+00 
18 321.813080 -24.264578 8.602268e+00 
19 322.541351 -24.492775 8.890925e+00 
20 323.303497 -24.993881 8.040679e+00 
21 323.835938 -25.474411 8.011491e+00 
22 324.539093 -26.291256 7.972745e+00 
23 325.280151 -27.270159 7.641047e+00 
24 326.444946 -28.313587 6.839609e+00 
25 327.315643 -29.504829 5.719778e+00 
26 328.535583 -30.515352 5.777585e+00 
27 329.588928 -31.847837 4.842427e+00 
28 331.273010 -33.064083 3.956482e+00 
29 333.710327 -34.631664 3.353414e+00 
30 335.576874 -35.662872 3.258105e+00 
31 337.921387 -36.550755 3.020027e+00 
32 340.396729 -37.542282 3.548829e+00 
33 342.440308 -38.123722 4.262986e+00 
34 344.401855 -38.435833 4.884492e+00 
35 346.494873 -38.913311 6.403347e+00 
36 348.249054 -39.576588 7.443119e+00 
37 350.701721 -40.277107 8.244905e+00 
38 353.447327 -41.320480 9.349536e+00 
39 356.723816 -42.959427 1.040575e+01 
40 0.411023 -44.363354 1.097819e+01 
41 4.272579 -46.165016 1.210677e+01 
42 8.922674 -47.534027 1.289623e+01 
43 14.387853 -49.181889 1.382986e+01 
44 21.302601 -51.398548 1.557903e+01 
45 27.885170 -53.870049 2.117546e+01 
46 33.389324 -55.106480 2.707042e+01 
47 37.869953 -56.274181 3.188978e+01 
48 41.484539 -56.860687 3.476342e+01 
49 44.809528 -57.031166 3.724242e+01 
50 48.641296 -57.232368 3.833011e+01 
51 52.665291 -57.839996 3.770504e+01 
52 56.417034 -58.227627 3.641390e+01 
53 60.194351 -58.624523 3.473907e+01 
54 64.192970 -59.105412 3.305310e+01 
55 68.246872 -59.550919 3.183134e+01 
56 72.488449 -60.322235 3.066897e+01 
57 77.660919 -62.163010 2.875093e+01 
58 80.563965 -64.120537 2.657738e+01 
59 80.135818 -66.077179 2.345572e+01 
60 76.769104 -66.588577 2.021529e+01 
TRACK_ID  96
POINT_NUM  47
14 348.956268 -43.305355 8.103033e+00 
15 353.124084 -42.999214 9.490820e+00 
16 356.791260 -43.284222 1.135300e+01 
17 0.150406 -43.768021 1.340746e+01 
18 3.565747 -44.695591 1.580561e+01 
19 6.695240 -45.782516 1.882103e+01 
20 10.258189 -46.627838 2.105925e+01 
21 13.993801 -47.767300 2.347740e+01 
22 17.958090 -48.988796 2.507603e+01 
23 22.214315 -50.845989 2.686819e+01 
24 26.432871 -52.491570 2.738214e+01 
25 31.474518 -54.548935 2.625159e+01 
26 38.472813 -56.951851 2.532673e+01 
27 46.354530 -59.614510 2.583949e+01 
28 51.875309 -60.674812 2.751912e+01 
29 56.714954 -61.342266 2.878330e+01 
30 61.262703 -61.753883 2.690829e+01 
31 64.931236 -61.883759 2.387317e+01 
32 69.678116 -61.527149 2.184829e+01 
33 76.131454 -60.974049 1.991763e+01 
34 84.059189 -60.058929 1.948975e+01 
35 92.972862 -59.254364 1.953352e+01 
36 98.594162 -58.533878 2.036240e+01 
37 105.021339 -58.075363 2.097104e+01 
38 110.604202 -57.770130 2.036619e+01 
39 116.429039 -58.172363 1.961502e+01 
40 121.028587 -58.224358 1.891364e+01 
41 125.809975 -57.993561 1.776025e+01 
42 130.852036 -58.574039 1.584810e+01 
43 137.345337 -59.213829 1.473024e+01 
44 141.661331 -60.112690 1.506122e+01 
45 142.636826 -60.794750 1.541093e+01 
46 145.824005 -61.488293 1.556179e+01 
47 150.526611 -61.288273 1.660549e+01 
48 157.864136 -60.620544 1.794026e+01 
49 165.955353 -60.491795 2.018265e+01 
50 172.873947 -61.156265 2.256712e+01 
51 179.026550 -61.944290 2.590239e+01 
52 184.490234 -62.869427 2.751549e+01 
53 189.262650 -63.816818 2.846524e+01 
54 193.157608 -64.781502 2.766235e+01 
55 196.388596 -65.473701 2.671715e+01 
56 199.549484 -66.088707 2.454148e+01 
57 202.310287 -66.643173 2.147195e+01 
58 204.554047 -67.242897 1.799630e+01 
59 205.311279 -67.864151 1.495864e+01 
60 205.416153 -67.994820 1.323146e+01 
TRACK_ID  100
POINT_NUM  24
15 32.135933 -60.963097 1.373930e+01 
16 41.119312 -60.875721 1.388518e+01 
17 49.552914 -60.922234 1.501725e+01 
18 57.103615 -60.813942 1.624853e+01 
19 63.191380 -60.521118 1.691624e+01 
20 69.183670 -60.168209 1.798065e+01 
21 73.645973 -59.340588 1.834764e+01 
22 78.921318 -58.339138 1.914072e+01 
23 85.458557 -56.901283 2.012814e+01 
24 91.277901 -55.866383 2.201407e+01 
25 96.899780 -54.896427 2.505326e+01 
26 102.221588 -54.957203 2.717262e+01 
27 107.340630 -55.381489 2.907364e+01 
28 111.395370 -56.158546 3.034983e+01 
29 114.979958 -56.920528 3.023575e+01 
30 117.912949 -58.008331 2.872989e+01 
31 120.308769 -59.077644 2.789167e+01 
32 121.844482 -59.853397 2.736250e+01 
33 123.299500 -60.353600 2.775755e+01 
34 125.950478 -60.753445 2.730630e+01 
35 128.804596 -61.533516 2.619962e+01 
36 132.243546 -62.663715 2.468202e+01 
37 132.622147 -63.619396 2.323931e+01 
38 128.065216 -64.082870 1.983486e+01 
TRACK_ID  101
POINT_NUM  10
15 235.781357 -69.355934 1.665358e+01 
16 241.791153 -69.122032 1.711527e+01 
17 248.055618 -68.901588 1.765952e+01 
18 252.214249 -68.518341 1.854643e+01 
19 255.631500 -68.127922 1.886264e+01 
20 258.772614 -67.466927 1.928057e+01 
21 262.582489 -66.782982 1.887062e+01 
22 266.953705 -65.731178 1.779393e+01 
23 271.838379 -64.652626 1.636480e+01 
24 275.462585 -64.117111 1.520903e+01 
TRACK_ID  106
POINT_NUM  15
15 28.772141 74.433815 7.168776e+00 
16 36.753273 74.371635 1.193183e+01 
17 44.367657 74.208733 1.739751e+01 
18 52.106384 74.262405 2.232518e+01 
19 59.009308 74.468811 2.689865e+01 
20 64.744888 74.620865 2.982339e+01 
21 68.531921 74.676147 3.170551e+01 
22 71.221878 74.592209 3.201885e+01 
23 73.192757 74.400475 3.180091e+01 
24 74.332787 74.086357 3.002296e+01 
25 75.314659 73.767868 2.722956e+01 
26 75.012444 73.598557 2.381287e+01 
27 72.972107 73.357452 2.167568e+01 
28 69.910797 72.646820 1.940211e+01 
29 68.215935 71.417839 1.761337e+01 
TRACK_ID  112
POINT_NUM  8
17 170.234039 -39.052032 2.730758e+00 
18 172.541595 -38.351742 3.271782e+00 
19 176.282150 -38.081215 3.280096e+00 
20 182.646103 -39.039032 4.276517e+00 
21 184.687988 -40.107212 4.812126e+00 
22 186.659317 -41.304722 5.402019e+00 
23 188.635666 -42.630459 5.625472e+00 
24 190.668060 -43.763142 5.473052e+00 
TRACK_ID  113
POINT_NUM  11
17 245.194412 51.531570 6.464013e+00 
18 249.667313 49.374302 7.857929e+00 
19 252.744766 47.473316 9.116936e+00 
20 256.345795 45.515720 9.059179e+00 
21 258.905273 44.148705 8.174876e+00 
22 261.954590 44.553509 7.871822e+00 
23 264.830017 43.711636 8.325735e+00 
24 268.002411 44.038635 8.741511e+00 
25 270.414612 44.459415 8.639174e+00 
26 272.492218 44.582161 8.605986e+00 
27 275.244720 45.088200 7.714713e+00 
TRACK_ID  116
POINT_NUM  17
17 0.243183 40.173222 4.323758e+00 
18 2.547631 39.993645 6.963377e+00 
19 4.641263 39.939438 9.911377e+00 
20 7.118551 40.298523 1.150691e+01 
21 8.784883 40.216553 1.356117e+01 
22 10.589522 39.885258 1.707209e+01 
23 12.406395 40.062798 2.036904e+01 
24 14.202471 40.827152 2.220391e+01 
25 15.476627 41.489372 2.309422e+01 
26 17.118217 41.854969 2.343818e+01 
27 19.404625 42.346844 2.243305e+01 
28 22.263134 42.526081 2.041194e+01 
29 25.441200 42.767605 1.811840e+01 
30 29.514523 43.256332 1.688543e+01 
31 32.720703 43.481400 1.406134e+01 
32 35.842010 43.921906 1.184285e+01 
33 40.477062 44.421169 9.711550e+00 
TRACK_ID  118
POINT_NUM  22
18 140.145645 -62.473545 1.581769e+01 
19 152.627380 -62.177418 1.770001e+01 
20 163.879440 -61.197285 1.961550e+01 
21 171.438324 -61.020084 2.229861e+01 
22 177.368591 -61.563816 2.405546e+01 
23 182.077560 -62.204132 2.562626e+01 
24 186.967957 -62.872879 2.579888e+01 
25 191.728088 -63.632576 2.505009e+01 
26 196.671310 -64.600647 2.463585e+01 
27 201.047913 -65.851868 2.440668e+01 
28 204.930954 -66.960983 2.375091e+01 
29 208.235092 -67.713806 2.298717e+01 
30 210.563843 -67.972137 2.231301e+01 
31 213.449585 -67.798325 2.244224e+01 
32 218.037201 -67.701294 2.375073e+01 
33 231.987778 -67.849594 2.533273e+01 
34 240.117310 -69.172852 2.780653e+01 
35 243.969345 -70.513794 2.967146e+01 
36 245.350449 -71.185677 3.117013e+01 
37 247.914505 -71.783424 3.119928e+01 
38 251.273224 -72.025848 2.739852e+01 
39 255.634140 -72.087112 2.094266e+01 
TRACK_ID  128
POINT_NUM  34
19 221.005753 55.198994 1.709308e+01 
20 225.170319 54.726364 1.697257e+01 
21 228.507935 54.171783 1.566252e+01 
22 233.553818 52.282726 1.463947e+01 
23 239.046646 50.143776 1.572978e+01 
24 242.342255 49.077374 1.651898e+01 
25 245.749359 48.080368 1.604403e+01 
26 248.730591 46.365757 1.435716e+01 
27 251.365280 43.454163 1.315300e+01 
28 252.271774 38.060368 1.454824e+01 
29 254.157135 35.569046 1.805786e+01 
30 256.084686 35.107395 1.904118e+01 
31 258.222229 35.348717 1.991864e+01 
32 260.744324 34.898350 2.084166e+01 
33 263.844482 35.337017 1.911884e+01 
34 266.665039 36.388550 2.047653e+01 
35 269.536407 37.941292 2.279693e+01 
36 272.566833 39.802673 2.660454e+01 
37 276.161499 41.780369 2.733210e+01 
38 279.591187 43.882866 2.841469e+01 
39 283.441376 45.323223 2.835632e+01 
40 287.124634 46.658546 2.867287e+01 
41 290.510284 48.314434 2.595515e+01 
42 292.775146 49.607056 2.399744e+01 
43 293.531860 51.524818 2.266485e+01 
44 292.156464 54.043327 2.349381e+01 
45 292.840851 55.648918 2.518656e+01 
46 292.025574 57.276123 2.581401e+01 
47 290.182129 58.654278 2.582257e+01 
48 288.250031 59.600109 2.480914e+01 
49 286.135437 60.310524 2.338187e+01 
50 283.956635 60.833473 2.340374e+01 
51 281.400635 61.182053 2.368601e+01 
52 278.579437 60.826839 2.328703e+01 
TRACK_ID  139
POINT_NUM  11
21 267.246887 30.220675 7.811013e+00 
22 270.482971 32.245731 8.677313e+00 
23 273.026917 35.370102 8.619108e+00 
24 277.243958 36.250229 9.137818e+00 
25 281.977509 37.006222 8.673776e+00 
26 285.880066 38.281101 9.838983e+00 
27 289.233582 38.797138 1.067123e+01 
28 292.394104 39.673286 1.374673e+01 
29 296.735382 40.292240 1.794979e+01 
30 301.411072 40.783073 2.265886e+01 
31 307.734161 41.281017 2.578073e+01 
TRACK_ID  140
POINT_NUM  30
21 48.672413 48.542858 3.254851e+00 
22 50.553402 49.167095 4.163632e+00 
23 52.998459 49.978947 3.926073e+00 
24 54.624836 51.774212 5.272394e+00 
25 56.558567 53.902386 8.105585e+00 
26 59.430199 54.821743 1.198540e+01 
27 62.659004 55.383171 1.586149e+01 
28 66.326180 55.495457 2.065171e+01 
29 69.926590 56.242645 2.595903e+01 
30 73.459885 57.498505 2.968695e+01 
31 76.910576 59.241798 3.190862e+01 
32 80.132378 60.649269 3.246272e+01 
33 82.870239 62.182297 3.080479e+01 
34 84.514229 63.676773 2.655834e+01 
35 83.985657 66.584175 2.141241e+01 
36 79.268799 69.210266 1.722944e+01 
37 69.792328 70.011917 1.443712e+01 
38 54.263737 69.992996 1.381194e+01 
39 41.089554 68.542038 1.670124e+01 
40 37.356564 64.653633 1.891615e+01 
41 37.533661 60.561131 2.173650e+01 
42 39.807579 57.930771 2.461172e+01 
43 42.301540 56.321175 2.424832e+01 
44 45.085644 55.215164 2.276962e+01 
45 47.920361 54.729580 2.159822e+01 
46 50.703396 54.590572 2.069179e+01 
47 54.090412 55.035305 1.812854e+01 
48 57.453468 55.743374 1.549269e+01 
49 61.109081 56.717190 1.259561e+01 
50 65.275192 58.255989 1.023847e+01 
TRACK_ID  147
POINT_NUM  28
24 130.353455 -50.318199 3.772485e+00 
25 136.080414 -50.941494 5.149250e+00 
26 142.424438 -51.680431 5.515589e+00 
27 149.288696 -52.875648 8.014104e+00 
28 155.903473 -54.699387 1.024863e+01 
29 162.632858 -56.173325 1.267812e+01 
30 170.083069 -57.289070 1.505130e+01 
31 177.255951 -57.658699 1.844111e+01 
32 184.781799 -57.617847 2.068390e+01 
33 191.942291 -57.350666 2.335907e+01 
34 198.413422 -56.961918 2.548152e+01 
35 204.124908 -56.818089 2.737705e+01 
36 209.222275 -56.970718 2.812361e+01 
37 214.054428 -57.811089 2.954355e+01 
38 218.685699 -58.978859 2.982977e+01 
39 223.616409 -61.094151 2.971049e+01 
40 229.032730 -63.114384 2.863599e+01 
41 236.603806 -65.906548 2.686992e+01 
42 245.471649 -68.150818 2.614539e+01 
43 253.330292 -69.163033 2.547110e+01 
44 260.263123 -69.551559 2.434631e+01 
45 267.422455 -69.297440 2.256227e+01 
46 274.602539 -68.458313 2.043679e+01 
47 281.053192 -67.661842 1.847863e+01 
48 284.176758 -67.279350 1.721806e+01 
49 286.047272 -66.545006 1.539848e+01 
50 288.884827 -64.750465 1.365424e+01 
51 291.944611 -62.815403 1.213031e+01 
TRACK_ID  148
POINT_NUM  24
24 119.219353 14.331593 3.845247e+00 
25 119.313866 14.608436 4.106922e+00 
26 119.038200 14.521492 3.495635e+00 
27 118.092392 15.757489 3.759218e+00 
28 117.983810 14.948985 5.067938e+00 
29 117.451614 16.600416 5.419816e+00 
30 118.333603 17.306644 4.941953e+00 
31 118.643951 18.370197 5.070767e+00 
32 119.983521 19.311928 6.153138e+00 
33 123.006638 21.274376 6.933030e+00 
34 124.444771 21.821957 6.625540e+00 
35 126.946198 22.650202 7.365098e+00 
36 129.717773 23.567350 8.303091e+00 
37 132.127213 27.380074 8.126266e+00 
38 134.322662 28.582960 8.503386e+00 
39 136.681625 29.143970 1.044998e+01 
40 139.680573 29.655779 1.281301e+01 
41 143.034668 30.169361 1.384182e+01 
42 145.585037 30.477537 1.421277e+01 
43 149.000626 30.827698 1.276003e+01 
44 152.473755 30.954100 9.822156e+00 
45 156.654556 31.219053 6.797444e+00 
46 160.070419 31.058867 4.162370e+00 
47 163.095367 30.928009 1.898418e+00 
TRACK_ID  157
POINT_NUM  20
25 195.725220 31.121721 1.834744e+00 
26 193.989166 27.330194 1.754903e+00 
27 194.996262 26.456375 2.860057e+00 
28 196.512817 26.820473 4.817341e+00 
29 198.371506 26.923594 6.070248e+00 
30 199.518204 26.913654 7.115087e+00 
31 200.153229 26.800467 8.999804e+00 
32 200.796356 27.239779 1.170788e+01 
33 200.835129 28.064047 1.384044e+01 
34 200.228867 28.942566 1.677465e+01 
35 199.478500 29.864502 1.832458e+01 
36 199.263855 30.940918 1.940217e+01 
37 199.368668 32.407410 1.978883e+01 
38 199.679916 34.958138 1.957846e+01 
39 199.976501 38.219242 2.106176e+01 
40 200.539459 42.057426 2.289335e+01 
41 200.844162 45.734234 2.444286e+01 
42 201.126297 48.683159 2.533193e+01 
43 201.259735 51.560459 2.563178e+01 
44 200.295029 54.330669 2.408514e+01 
TRACK_ID  178
POINT_NUM  18
29 14.766553 41.434227 1.815800e+01 
30 13.966740 40.809853 1.758153e+01 
31 14.455847 40.268047 1.666837e+01 
32 16.238808 39.360012 1.499028e+01 
33 18.768808 38.072750 1.387780e+01 
34 22.176483 36.902954 1.392033e+01 
35 26.636946 36.511600 1.225755e+01 
36 30.070618 36.535507 1.088516e+01 
37 31.318398 36.246220 9.867508e+00 
38 31.524549 35.493500 9.455490e+00 
39 32.572647 35.290825 7.915555e+00 
40 33.436691 34.846786 6.573675e+00 
41 34.038372 34.611141 5.701808e+00 
42 34.575001 34.586426 5.462584e+00 
43 37.081715 35.104820 4.204557e+00 
44 36.751350 35.344002 3.534016e+00 
45 34.146130 36.458469 3.288302e+00 
46 33.840252 37.088837 4.791759e+00 
TRACK_ID  179
POINT_NUM  18
29 49.724068 42.594872 6.713697e+00 
30 50.927898 41.626282 7.769291e+00 
31 51.989281 41.311512 7.594009e+00 
32 52.884010 41.417355 8.695562e+00 
33 53.273911 42.021378 9.950193e+00 
34 49.621723 43.819427 1.093052e+01 
35 52.799900 45.106579 1.138394e+01 
36 58.949966 48.193268 1.462130e+01 
37 64.257874 50.732941 2.004801e+01 
38 68.795761 53.022957 2.501411e+01 
39 73.385704 56.016815 2.933502e+01 
40 76.052803 59.173046 3.300542e+01 
41 76.468178 61.999905 3.404252e+01 
42 74.681732 63.806084 3.186547e+01 
43 72.511078 64.805222 2.874375e+01 
44 71.034782 64.877365 2.547038e+01 
45 70.875839 64.925308 2.183885e+01 
46 71.280167 65.014191 1.766352e+01 
TRACK_ID  180
POINT_NUM  14
29 310.739502 -64.589157 1.005842e+01 
30 317.386383 -65.456566 9.278856e+00 
31 326.006958 -65.979599 8.483007e+00 
32 333.445496 -65.966026 8.523237e+00 
33 339.528503 -65.564583 8.152142e+00 
34 346.020477 -64.870766 7.651731e+00 
35 353.905823 -63.431545 7.492775e+00 
36 357.534454 -62.627129 7.832308e+00 
37 2.634098 -62.119339 8.443881e+00 
38 8.047989 -61.259552 8.648979e+00 
39 12.471233 -60.524708 8.924529e+00 
40 17.336788 -59.937061 8.807949e+00 
41 22.017353 -59.351505 8.882780e+00 
42 26.424606 -58.823521 8.619352e+00 
TRACK_ID  186
POINT_NUM  11
30 1.954495 74.357521 5.196077e+00 
31 8.011019 73.873322 7.817880e+00 
32 14.846734 72.874107 9.659597e+00 
33 23.241825 70.389427 1.006288e+01 
34 29.641737 66.470581 1.084656e+01 
35 32.678852 62.493633 1.112267e+01 
36 36.077473 58.925720 1.077076e+01 
37 39.761818 55.807804 1.010268e+01 
38 43.301151 52.725773 8.607705e+00 
39 46.770496 50.058880 5.096577e+00 
40 51.456146 47.547287 2.335190e+00 
TRACK_ID  193
POINT_NUM  9
32 91.634598 -57.140114 1.945189e+01 
33 100.418320 -55.060253 2.035943e+01 
34 105.953949 -54.490154 2.046131e+01 
35 113.747604 -53.196499 1.984509e+01 
36 121.103020 -52.291965 1.985170e+01 
37 127.378189 -52.142082 1.955825e+01 
38 132.469482 -52.870468 1.777836e+01 
39 136.852661 -53.612507 1.584289e+01 
40 138.389404 -54.809734 1.467044e+01 
TRACK_ID  194
POINT_NUM  13
32 132.497864 41.112961 1.998506e+00 
33 137.655472 41.869976 4.400724e+00 
34 141.729050 42.202412 6.341079e+00 
35 145.016815 41.931320 8.098475e+00 
36 148.077057 42.755753 8.887823e+00 
37 150.693405 44.050301 9.894216e+00 
38 153.835098 45.534531 1.126364e+01 
39 155.465149 46.480919 1.410782e+01 
40 158.465195 47.251328 1.601956e+01 
41 163.067307 47.452007 1.776938e+01 
42 168.949631 48.333134 2.046461e+01 
43 173.974762 49.590363 2.260017e+01 
44 179.648346 51.470257 2.419406e+01 
TRACK_ID  207
POINT_NUM  23
34 155.301361 75.441437 8.930301e+00 
35 145.607529 76.784180 1.019613e+01 
36 138.195129 77.590324 1.154591e+01 
37 131.697876 78.103622 1.253336e+01 
38 128.130127 78.724411 1.274868e+01 
39 126.318787 79.049355 1.343463e+01 
40 125.067757 79.525131 1.350927e+01 
41 122.764503 79.755486 1.340789e+01 
42 117.820793 80.335869 1.361163e+01 
43 101.140808 80.617294 1.433140e+01 
44 87.831421 80.178650 1.445096e+01 
45 77.591362 78.749138 1.563212e+01 
46 69.397133 76.892128 1.709901e+01 
47 62.925064 76.033089 1.886424e+01 
48 55.758575 74.097794 2.008812e+01 
49 50.619061 72.340340 2.132799e+01 
50 47.823833 71.200623 2.293196e+01 
51 46.139263 70.174164 2.465429e+01 
52 45.724174 69.054466 2.507952e+01 
53 46.466045 68.088135 2.445749e+01 
54 47.751663 67.261604 2.235339e+01 
55 49.542801 66.883530 1.950763e+01 
56 50.230381 66.848686 1.619987e+01 
TRACK_ID  224
POINT_NUM  31
37 112.518265 49.743999 5.465241e+00 
38 118.709648 47.432919 6.645841e+00 
39 122.171326 45.841846 7.165470e+00 
40 124.965775 44.881081 6.712903e+00 
41 129.110291 43.754025 7.462909e+00 
42 132.200867 42.871101 8.144050e+00 
43 135.521378 42.369007 8.716141e+00 
44 138.728119 42.645863 9.848637e+00 
45 141.620590 42.876373 1.131884e+01 
46 144.115616 43.216011 1.243519e+01 
47 146.645798 44.108376 1.394605e+01 
48 149.551910 45.400433 1.580481e+01 
49 152.564407 46.605137 1.719805e+01 
50 155.272675 48.092564 1.862749e+01 
51 157.336807 49.199963 1.967688e+01 
52 160.028046 50.320946 2.048656e+01 
53 162.549011 51.535332 2.053147e+01 
54 165.956696 53.013187 2.026014e+01 
55 169.309235 54.881481 1.961672e+01 
56 171.720108 55.774475 1.963224e+01 
57 174.034103 56.456673 2.081081e+01 
58 176.876907 58.929001 2.149414e+01 
59 180.376709 62.349419 2.184104e+01 
60 183.340546 66.041702 2.287373e+01 
61 185.372574 69.414902 2.278383e+01 
62 186.753067 71.883568 2.449095e+01 
63 187.676453 73.927109 2.518146e+01 
64 189.734680 75.570488 2.426105e+01 
65 190.862823 76.972878 2.231635e+01 
66 191.079559 78.338165 1.973363e+01 
67 187.472916 79.617546 1.682195e+01 
TRACK_ID  227
POINT_NUM  11
37 306.254517 -52.607811 1.284116e+01 
38 309.578308 -52.410721 1.664083e+01 
39 311.806183 -53.062927 1.937716e+01 
40 313.836761 -53.667336 2.083181e+01 
41 315.966522 -54.123684 2.195551e+01 
42 317.901398 -54.575497 2.352267e+01 
43 319.701355 -55.299538 2.543470e+01 
44 321.624237 -55.834938 2.747460e+01 
45 323.308258 -56.079830 2.813070e+01 
46 325.196442 -56.097580 2.697953e+01 
47 327.665131 -55.992737 2.513548e+01 
TRACK_ID  232
POINT_NUM  20
38 326.861816 35.793613 1.290778e+01 
39 328.869873 35.535172 1.761899e+01 
40 329.936157 36.465359 2.234814e+01 
41 330.118958 37.437298 2.701003e+01 
42 329.953186 38.146641 2.895907e+01 
43 329.487061 38.490108 2.900013e+01 
44 328.887817 38.384544 2.793561e+01 
45 328.604095 38.046452 2.608438e+01 
46 328.524109 37.631016 2.422164e+01 
47 328.410461 37.172050 2.170509e+01 
48 328.871826 36.750172 2.040377e+01 
49 329.838318 36.699963 1.918950e+01 
50 330.993713 37.057121 1.907814e+01 
51 332.479034 37.874115 1.801284e+01 
52 334.179291 39.021305 1.814119e+01 
53 335.476562 40.426983 1.684738e+01 
54 336.887329 41.611866 1.484369e+01 
55 337.703461 42.571899 1.202523e+01 
56 337.977112 43.130043 9.884313e+00 
57 337.721710 43.430809 7.250133e+00 
TRACK_ID  234
POINT_NUM  17
38 2.264656 40.142784 1.688634e+00 
39 3.674716 40.133232 3.265249e+00 
40 4.513281 40.141792 3.881684e+00 
41 6.309506 39.368896 4.618817e+00 
42 8.381763 38.807339 5.296586e+00 
43 9.791945 38.841801 5.925174e+00 
44 11.607841 38.480255 5.234726e+00 
45 13.834553 37.813549 4.819939e+00 
46 18.510252 36.295345 5.661247e+00 
47 20.373856 35.596882 5.389149e+00 
48 22.945934 34.321835 5.089004e+00 
49 25.795723 33.424706 5.616114e+00 
50 28.626328 33.118183 6.904233e+00 
51 31.660521 33.515881 5.511159e+00 
52 35.243950 33.129463 5.102705e+00 
53 38.916065 33.137173 4.431108e+00 
54 41.918270 32.214657 3.428953e+00 
TRACK_ID  246
POINT_NUM  20
41 219.992020 -45.587936 1.376735e+01 
42 221.998596 -46.105839 1.530732e+01 
43 223.075333 -45.557198 1.665284e+01 
44 224.164062 -45.426941 1.909277e+01 
45 225.466614 -46.699097 2.169364e+01 
46 226.700989 -48.573963 2.402158e+01 
47 227.433167 -50.384167 2.640485e+01 
48 228.401611 -51.808548 2.870384e+01 
49 229.868240 -53.631271 3.033344e+01 
50 231.698029 -55.052734 3.086735e+01 
51 233.696579 -56.581253 3.097171e+01 
52 235.508545 -57.760296 3.090126e+01 
53 237.105637 -58.487587 3.061493e+01 
54 238.406372 -58.906200 2.977379e+01 
55 239.637253 -59.394375 2.921359e+01 
56 240.778107 -59.805130 2.866718e+01 
57 241.196686 -60.201206 2.772361e+01 
58 241.381302 -60.345791 2.633248e+01 
59 242.596069 -60.513477 2.413445e+01 
60 244.168839 -60.663513 2.182505e+01 
TRACK_ID  252
POINT_NUM  28
41 246.989899 41.978825 1.088248e+01 
42 252.200577 39.695206 1.144222e+01 
43 255.002243 37.282040 1.413573e+01 
44 256.962433 35.075039 1.739576e+01 
45 259.760223 32.966991 1.838727e+01 
46 265.674591 35.435539 1.759830e+01 
47 268.938354 37.775379 2.139478e+01 
48 271.516693 39.888832 2.839314e+01 
49 273.725525 42.018856 3.103848e+01 
50 276.054047 43.353081 3.374529e+01 
51 279.297302 44.853939 3.521546e+01 
52 282.099548 46.347443 3.597417e+01 
53 284.446136 48.522316 3.513920e+01 
54 285.445068 51.108940 3.634407e+01 
55 284.285217 54.103287 3.880075e+01 
56 282.596588 55.941982 4.104990e+01 
57 279.930206 57.359138 4.116679e+01 
58 277.701752 57.920437 4.067859e+01 
59 276.130249 58.108913 3.914768e+01 
60 274.509033 58.256828 3.721691e+01 
61 272.723389 58.182640 3.425680e+01 
62 271.345001 57.544270 3.219477e+01 
63 269.820435 57.067558 2.976388e+01 
64 267.723114 56.396523 2.601678e+01 
65 266.764221 55.101570 2.045229e+01 
66 269.171997 52.584606 1.700448e+01 
67 275.935669 50.448116 1.497517e+01 
68 279.738037 50.793816 1.460328e+01 
TRACK_ID  256
POINT_NUM  10
42 238.899811 47.789608 8.679585e+00 
43 239.358841 47.471153 9.926504e+00 
44 239.980316 46.821808 1.177110e+01 
45 240.436035 46.087337 1.291481e+01 
46 242.026947 44.893131 1.279212e+01 
47 245.095093 43.137581 1.278232e+01 
48 246.615646 42.208862 1.128838e+01 
49 248.915100 40.519161 1.238528e+01 
50 250.534210 38.962402 9.838027e+00 
51 252.224197 36.673618 6.139223e+00 
TRACK_ID  257
POINT_NUM  9
43 65.956947 -52.173279 1.162970e+01 
44 70.544724 -54.286240 1.505276e+01 
45 74.953056 -56.178219 1.778543e+01 
46 78.731087 -58.190750 1.954999e+01 
47 82.311012 -60.012478 2.086465e+01 
48 85.014290 -61.659008 2.284206e+01 
49 86.606888 -63.031857 2.325913e+01 
50 86.053726 -64.524689 2.060767e+01 
51 77.473488 -67.652832 1.595531e+01 
TRACK_ID  271
POINT_NUM  30
45 339.555420 71.255287 8.530426e+00 
46 347.497467 70.799179 1.160404e+01 
47 358.391602 70.651596 1.514911e+01 
48 3.815330 69.300301 1.964321e+01 
49 7.493339 67.745178 2.192550e+01 
50 11.061604 65.889458 2.262956e+01 
51 13.865324 63.201649 2.195501e+01 
52 15.936528 60.299988 2.176451e+01 
53 17.767288 59.042316 2.114003e+01 
54 18.602232 59.237217 2.123192e+01 
55 15.624841 60.026005 2.223626e+01 
56 13.936265 58.707653 2.364791e+01 
57 15.762507 57.462215 2.484238e+01 
58 20.358156 56.910976 2.589162e+01 
59 24.216864 57.092743 2.715809e+01 
60 27.186621 57.533344 2.772514e+01 
61 30.230761 58.367355 2.809157e+01 
62 32.737473 59.239090 2.746171e+01 
63 35.168842 59.562042 2.651609e+01 
64 39.217133 58.750492 2.656372e+01 
65 42.467129 60.137714 2.723116e+01 
66 45.166382 61.740345 2.697020e+01 
67 47.649437 63.260181 2.702069e+01 
68 50.276482 64.823433 2.722882e+01 
69 52.606827 66.529327 2.749226e+01 
70 54.114990 67.955200 2.633583e+01 
71 55.178814 69.383995 2.408091e+01 
72 56.032513 70.576134 2.138877e+01 
73 56.278973 71.747787 1.929115e+01 
74 54.686199 72.571510 1.735757e+01 
TRACK_ID  276
POINT_NUM  8
46 217.570648 45.547684 8.941958e+00 
47 220.089371 46.083927 1.021744e+01 
48 222.676254 46.186619 1.043541e+01 
49 224.605377 46.096733 1.127792e+01 
50 225.874313 46.180988 1.427549e+01 
51 228.235489 45.667103 1.885224e+01 
52 230.918152 45.341862 2.147053e+01 
53 233.611801 44.901161 1.708537e+01 
TRACK_ID  289
POINT_NUM  37
50 98.703796 -53.228817 1.654698e+01 
51 102.954971 -55.112335 1.935588e+01 
52 106.712196 -57.317638 2.083968e+01 
53 110.543259 -59.041908 2.285094e+01 
54 114.203972 -60.107456 2.326224e+01 
55 118.199379 -60.552063 2.395827e+01 
56 122.526428 -60.778313 2.428040e+01 
57 127.393257 -60.652863 2.388903e+01 
58 133.171097 -60.597149 2.204618e+01 
59 141.904770 -61.472324 2.111485e+01 
60 150.645798 -62.432426 2.065913e+01 
61 156.795853 -62.255093 2.027182e+01 
62 167.257141 -61.885796 2.079411e+01 
63 175.929062 -61.448132 2.336199e+01 
64 183.329849 -61.272533 2.484520e+01 
65 189.940186 -60.962994 2.455286e+01 
66 195.776169 -60.492275 2.263284e+01 
67 200.938995 -59.911678 2.060455e+01 
68 206.647568 -59.181705 1.981570e+01 
69 212.806763 -58.782944 2.013096e+01 
70 218.473297 -58.790771 2.103236e+01 
71 221.957596 -58.735977 2.169870e+01 
72 223.932526 -58.216904 2.193939e+01 
73 225.443024 -57.211281 2.248107e+01 
74 228.270599 -56.306210 2.328930e+01 
75 231.379395 -55.929764 2.487251e+01 
76 235.771393 -56.144943 2.657573e+01 
77 241.120239 -57.335049 2.730885e+01 
78 244.737137 -58.570530 2.673074e+01 
79 244.316360 -58.611576 2.477337e+01 
80 242.274384 -57.644764 2.383080e+01 
81 243.321106 -56.995182 2.294825e+01 
82 245.889862 -56.775833 2.274020e+01 
83 249.767838 -57.119614 2.289346e+01 
84 253.257477 -57.953522 2.204711e+01 
85 257.025208 -59.086082 1.983827e+01 
86 259.361145 -59.534378 1.570987e+01 
TRACK_ID  297
POINT_NUM  28
51 88.838997 33.787075 4.876301e+00 
52 92.556419 35.549881 4.858016e+00 
53 97.477486 34.766933 5.722878e+00 
54 99.860954 34.181702 1.080982e+01 
55 99.516594 33.591541 1.073128e+01 
56 100.363335 32.863846 8.277614e+00 
57 101.037491 32.744637 7.977396e+00 
58 100.941055 32.976536 1.153798e+01 
59 101.044136 31.816242 1.041215e+01 
60 102.219475 30.496763 7.695854e+00 
61 103.247086 29.973358 6.463435e+00 
62 102.241516 32.958382 8.063990e+00 
63 98.669472 35.749855 7.942405e+00 
64 97.218102 36.786175 8.065056e+00 
65 98.960716 37.212502 7.078301e+00 
66 99.085045 35.277775 1.210522e+01 
67 99.138184 34.982075 1.139659e+01 
68 100.110298 35.058010 1.008413e+01 
69 101.738251 35.061390 9.702247e+00 
70 101.358589 34.969120 1.353434e+01 
71 100.320496 35.309155 1.154539e+01 
72 100.897110 35.581852 1.040183e+01 
73 103.516884 35.723564 8.941141e+00 
74 102.097435 34.596760 1.096264e+01 
75 101.705086 32.673923 7.255534e+00 
76 101.514923 33.078239 4.102596e+00 
77 102.184769 34.398983 4.569935e+00 
78 101.419312 33.868847 1.113220e+01 
TRACK_ID  303
POINT_NUM  16
52 129.390701 47.037235 3.838383e+00 
53 133.555222 44.852348 6.959296e+00 
54 137.190796 44.372677 9.451547e+00 
55 141.074081 43.582657 1.317489e+01 
56 144.017593 43.732098 1.646791e+01 
57 146.716171 44.095482 1.838099e+01 
58 149.417068 44.677090 1.889247e+01 
59 152.331894 45.405514 1.982285e+01 
60 155.062057 46.640999 2.077191e+01 
61 156.916229 48.629070 2.091673e+01 
62 157.903000 51.160553 2.093429e+01 
63 157.992126 53.445190 2.005147e+01 
64 158.639679 55.724400 1.918319e+01 
65 158.472305 57.521046 1.703833e+01 
66 158.591629 58.569702 1.399427e+01 
67 159.143875 60.676613 1.028643e+01 
TRACK_ID  304
POINT_NUM  12
52 68.908951 54.394855 1.261392e+01 
53 72.936165 56.532936 1.843756e+01 
54 76.863876 58.799828 2.370341e+01 
55 81.076340 61.096706 2.873490e+01 
56 85.004852 62.915802 3.218531e+01 
57 89.474304 64.974915 3.097273e+01 
58 93.869843 66.744171 2.682270e+01 
59 99.685600 67.506935 2.236024e+01 
60 107.007767 66.441261 1.788623e+01 
61 110.357979 66.051430 1.571558e+01 
62 113.521866 65.862984 1.204513e+01 
63 116.830452 65.950706 1.065079e+01 
TRACK_ID  309
POINT_NUM  17
53 322.727570 35.902210 1.033479e+01 
54 323.225952 34.058903 9.837173e+00 
55 324.415192 32.710732 9.351189e+00 
56 325.851349 32.039986 9.972586e+00 
57 327.735413 31.794634 1.011202e+01 
58 329.347198 31.839937 9.838555e+00 
59 331.476135 32.905087 8.612994e+00 
60 334.201416 37.957592 9.828160e+00 
61 335.605469 40.254787 1.204921e+01 
62 338.049530 41.631741 1.455429e+01 
63 340.722748 42.890385 1.773488e+01 
64 342.670532 44.043003 1.983028e+01 
65 344.308380 44.856133 2.090364e+01 
66 346.067535 45.161289 1.964888e+01 
67 348.734314 45.263008 1.694373e+01 
68 354.129822 46.130318 1.328888e+01 
69 2.148410 46.933502 1.037513e+01 
TRACK_ID  314
POINT_NUM  34
54 80.406517 -28.428089 1.283748e+00 
55 78.640388 -28.200960 2.540590e+00 
56 79.948425 -28.953026 3.232126e+00 
57 79.631699 -29.625734 4.195974e+00 
58 80.209770 -30.497118 4.838323e+00 
59 81.034187 -30.761995 6.376396e+00 
60 81.631401 -32.240685 7.091580e+00 
61 82.339325 -34.431679 7.981781e+00 
62 84.000114 -36.680222 9.555888e+00 
63 85.612358 -37.934498 1.275500e+01 
64 86.979019 -38.951775 1.559969e+01 
65 88.125877 -40.022057 1.894508e+01 
66 89.162407 -40.507465 1.951483e+01 
67 90.574921 -40.962879 1.926665e+01 
68 91.534889 -41.353352 1.874132e+01 
69 92.197372 -41.780308 1.832750e+01 
70 92.801819 -41.761059 1.663534e+01 
71 93.518288 -41.651516 1.432936e+01 
72 94.252151 -41.449280 1.263561e+01 
73 95.042976 -41.193569 1.146552e+01 
74 95.781822 -41.090496 9.992469e+00 
75 97.013199 -40.837967 9.479192e+00 
76 98.191780 -40.758869 9.562428e+00 
77 99.672821 -40.741112 9.203379e+00 
78 100.973671 -40.653168 8.683898e+00 
79 102.729721 -40.545269 7.372607e+00 
80 104.373604 -40.507957 7.401779e+00 
81 106.191780 -40.673546 6.789701e+00 
82 107.998444 -41.005978 5.643363e+00 
83 110.356133 -41.589756 4.780733e+00 
84 112.691605 -42.530739 4.885681e+00 
85 115.025780 -43.747215 4.926114e+00 
86 116.269867 -45.088585 4.782815e+00 
87 117.154953 -46.583607 5.623760e+00 
TRACK_ID  315
POINT_NUM  14
55 313.416656 -49.471649 1.453049e+01 
56 318.091949 -50.060112 1.784973e+01 
57 322.947052 -51.278034 2.032904e+01 
58 327.114441 -52.765972 2.283990e+01 
59 330.658234 -54.393566 2.541228e+01 
60 333.898438 -56.099239 2.777109e+01 
61 336.604523 -57.070553 3.111912e+01 
62 339.105804 -58.477947 3.202111e+01 
63 341.625092 -59.600616 3.180520e+01 
64 342.840668 -60.535999 3.005128e+01 
65 338.010712 -60.410191 2.815210e+01 
66 336.363739 -59.930695 2.540000e+01 
67 335.378143 -59.179798 2.182501e+01 
68 334.668457 -57.289566 1.932826e+01 
TRACK_ID  321
POINT_NUM  19
56 177.159668 -56.992493 1.222579e+01 
57 183.287659 -56.064610 1.433131e+01 
58 189.067688 -56.385857 1.680407e+01 
59 196.032578 -56.936012 1.903597e+01 
60 203.332947 -57.868717 2.027294e+01 
61 209.901154 -58.946388 2.165334e+01 
62 215.900909 -59.690216 2.225356e+01 
63 221.761856 -60.258423 2.326999e+01 
64 228.371674 -60.713398 2.554828e+01 
65 234.245697 -61.309795 2.843412e+01 
66 238.366547 -61.648396 2.981793e+01 
67 241.042404 -61.827229 2.895770e+01 
68 245.109604 -61.759380 2.813626e+01 
69 253.361343 -62.255829 2.748780e+01 
70 258.412201 -63.098137 2.803680e+01 
71 260.717529 -63.853992 2.849438e+01 
72 262.201447 -64.408936 2.889324e+01 
73 263.660126 -64.961044 2.772271e+01 
74 264.502930 -65.038612 2.444247e+01 
TRACK_ID  347
POINT_NUM  29
60 10.039140 69.397240 1.624201e+01 
61 6.973727 67.953857 1.728910e+01 
62 5.038388 66.611656 1.813484e+01 
63 4.477503 65.121979 1.896105e+01 
64 4.247679 63.648537 1.919926e+01 
65 5.186275 61.759602 1.976362e+01 
66 7.766508 60.585812 2.120784e+01 
67 10.393993 60.518169 2.193955e+01 
68 12.903722 60.364113 2.125673e+01 
69 15.912851 59.942673 1.988821e+01 
70 19.943905 59.546253 1.943198e+01 
71 23.921114 59.749592 2.028881e+01 
72 27.536287 60.557407 2.061547e+01 
73 31.407442 61.876141 2.072019e+01 
74 35.475929 63.198887 2.085794e+01 
75 40.605228 65.559372 2.136935e+01 
76 46.981953 69.039032 2.311220e+01 
77 53.975449 71.066292 2.515904e+01 
78 61.570980 73.214577 2.767427e+01 
79 68.482590 75.024231 3.024019e+01 
80 73.262375 76.411926 3.062812e+01 
81 79.244301 77.256088 3.032773e+01 
82 85.994026 77.693352 2.856764e+01 
83 93.351028 77.867538 2.709133e+01 
84 100.865463 77.683403 2.502974e+01 
85 108.147179 77.167725 2.279007e+01 
86 113.910164 76.730850 2.039504e+01 
87 119.037300 76.213181 1.855543e+01 
88 121.257835 75.656464 1.623741e+01 
TRACK_ID  348
POINT_NUM  19
61 36.938465 -38.827080 5.208812e+00 
62 39.246037 -39.245808 6.206974e+00 
63 41.104198 -40.726089 7.555108e+00 
64 43.336559 -42.043461 8.635534e+00 
65 45.534004 -44.376579 1.086220e+01 
66 48.306671 -46.874920 1.191655e+01 
67 50.843132 -49.354126 1.256113e+01 
68 53.065228 -51.527298 1.330338e+01 
69 54.455582 -53.725960 1.460680e+01 
70 54.756222 -55.584812 1.654598e+01 
71 55.073135 -57.246964 2.072459e+01 
72 55.895138 -58.758423 2.409621e+01 
73 56.861031 -59.806576 2.684405e+01 
74 58.039612 -60.171852 2.732542e+01 
75 59.767628 -60.136150 2.560832e+01 
76 62.103016 -59.953285 2.272607e+01 
77 64.821487 -60.141663 2.001244e+01 
78 66.792252 -60.311504 1.821218e+01 
79 68.219887 -60.485668 1.654760e+01 
TRACK_ID  350
POINT_NUM  16
61 136.177567 -47.463055 8.281789e+00 
62 138.677917 -46.068638 7.429767e+00 
63 140.682144 -44.851231 7.963714e+00 
64 142.181702 -44.360107 1.034921e+01 
65 143.227921 -44.439678 1.113436e+01 
66 144.445740 -44.951279 1.207078e+01 
67 145.237823 -45.493656 1.428189e+01 
68 146.062073 -45.743149 1.606524e+01 
69 147.337433 -45.652355 1.683216e+01 
70 149.407806 -45.772308 1.538589e+01 
71 152.122345 -45.867981 1.463557e+01 
72 154.994461 -46.477928 1.481280e+01 
73 157.622650 -48.162037 1.419460e+01 
74 160.573654 -50.479546 1.361538e+01 
75 163.820084 -53.847790 1.433364e+01 
76 166.228622 -56.560665 1.637387e+01 
TRACK_ID  352
POINT_NUM  35
61 295.591644 -30.531063 8.987965e+00 
62 296.965210 -28.840208 1.104248e+01 
63 298.212555 -27.624344 1.363455e+01 
64 297.909821 -24.929546 1.320498e+01 
65 299.709900 -23.823633 1.003290e+01 
66 301.676086 -25.497728 6.513777e+00 
67 301.957794 -25.640310 4.390344e+00 
68 301.763977 -24.220881 4.657263e+00 
69 300.754028 -24.178982 7.024441e+00 
70 300.369598 -25.220421 8.207897e+00 
71 299.055054 -26.719122 9.408559e+00 
72 297.089081 -24.130693 1.130461e+01 
73 299.442261 -22.997019 1.150288e+01 
74 300.507629 -24.297621 8.594929e+00 
75 301.429474 -26.251177 8.249099e+00 
76 300.591278 -23.261873 7.655976e+00 
77 300.738983 -23.099508 8.508200e+00 
78 301.403900 -24.399942 7.462516e+00 
79 301.611420 -24.301619 6.588097e+00 
80 300.865051 -23.244532 6.003669e+00 
81 300.595612 -22.883377 7.163723e+00 
82 301.055023 -23.045643 5.914367e+00 
83 301.113617 -23.237797 5.968828e+00 
84 300.401489 -21.531729 6.072952e+00 
85 300.683655 -20.053719 6.807224e+00 
86 302.398651 -21.508924 6.562717e+00 
87 303.311096 -21.489586 6.258902e+00 
88 304.902069 -20.792875 4.364373e+00 
89 304.142914 -21.487663 5.468451e+00 
90 304.346893 -22.451376 4.962173e+00 
91 304.582642 -21.337732 4.786926e+00 
92 304.027679 -21.072371 4.446818e+00 
93 302.604004 -20.723043 5.886339e+00 
94 303.099823 -19.939131 4.776870e+00 
95 303.026306 -19.710060 4.302145e+00 
TRACK_ID  356
POINT_NUM  21
61 276.927185 31.760736 2.615386e+00 
62 280.313324 33.978031 5.488799e+00 
63 283.293976 35.847706 9.183969e+00 
64 287.892639 39.113091 1.412599e+01 
65 292.074249 42.077740 1.910650e+01 
66 295.226990 44.689121 2.444144e+01 
67 298.300171 46.830708 2.734874e+01 
68 301.322601 48.710545 3.013598e+01 
69 304.283936 51.164124 3.426732e+01 
70 305.768890 53.402218 3.935900e+01 
71 305.488831 54.884708 4.419801e+01 
72 304.918915 55.553505 4.686499e+01 
73 303.472137 55.194004 4.555648e+01 
74 303.087646 54.350281 4.084512e+01 
75 304.307434 53.326477 3.360902e+01 
76 307.779175 53.416023 2.594670e+01 
77 316.715393 56.352638 2.089835e+01 
78 321.122650 58.551128 2.086101e+01 
79 323.020111 58.536674 2.036717e+01 
80 325.334442 58.918148 2.006380e+01 
81 326.888458 59.273067 2.053043e+01 
TRACK_ID  357
POINT_NUM  16
29 0.972401 -56.461670 2.167823e+01 
30 7.063517 -55.275135 2.493413e+01 
31 13.204076 -54.938931 2.687185e+01 
32 18.826036 -55.279026 2.744086e+01 
33 23.664341 -56.011204 2.803322e+01 
34 28.304018 -57.010536 2.810371e+01 
35 32.689983 -58.197769 2.811078e+01 
36 36.860077 -59.409023 2.745383e+01 
37 41.103920 -60.647079 2.736910e+01 
38 45.019917 -61.646370 2.602052e+01 
39 48.500225 -62.350044 2.360005e+01 
40 52.337475 -62.666393 2.158873e+01 
41 56.088013 -62.884689 2.027022e+01 
42 59.489986 -63.280643 1.898832e+01 
43 61.909328 -63.553684 1.733438e+01 
44 64.104301 -63.125736 1.622446e+01 
TRACK_ID  361
POINT_NUM  31
24 139.034393 -33.780251 5.270183e+00 
25 140.459824 -36.066208 6.331350e+00 
26 142.615143 -36.364326 6.633654e+00 
27 144.771820 -37.434673 7.086788e+00 
28 146.482742 -37.942242 8.246034e+00 
29 148.413239 -38.172466 8.941454e+00 
30 150.519730 -38.173031 8.242798e+00 
31 152.522202 -38.749729 7.623585e+00 
32 154.158340 -39.715168 7.578518e+00 
33 155.202087 -40.860462 8.035582e+00 
34 155.897171 -41.842312 8.039176e+00 
35 156.484940 -43.278427 8.346669e+00 
36 157.120255 -45.235641 8.318207e+00 
37 156.967285 -48.359962 8.417892e+00 
38 156.288620 -51.830513 1.019216e+01 
39 159.191971 -54.339199 1.310242e+01 
40 163.744324 -57.041069 1.566479e+01 
41 168.645340 -59.450226 1.854440e+01 
42 174.002457 -61.570549 2.118530e+01 
43 179.343613 -63.188557 2.404448e+01 
44 184.465698 -64.426582 2.563116e+01 
45 189.436310 -65.377258 2.628958e+01 
46 194.009933 -65.980736 2.589500e+01 
47 197.819748 -66.713493 2.552096e+01 
48 200.694946 -68.266914 2.492343e+01 
49 202.331223 -70.198402 2.451850e+01 
50 201.969070 -72.282593 2.397184e+01 
51 200.058426 -73.968307 2.349444e+01 
52 197.009689 -75.082603 2.132193e+01 
53 193.087540 -75.660156 1.872378e+01 
54 189.568176 -75.756554 1.598697e+01 
TRACK_ID  362
POINT_NUM  25
22 140.642853 41.051434 6.078434e+00 
23 140.939880 39.027573 7.273009e+00 
24 143.274200 38.815990 7.764824e+00 
25 145.575485 39.150063 7.981780e+00 
26 144.941223 35.993565 7.750621e+00 
27 146.769989 36.052780 8.479000e+00 
28 150.325348 36.518078 9.471972e+00 
29 155.574234 37.945976 1.101500e+01 
30 160.372009 39.516113 1.314959e+01 
31 165.232498 41.083710 1.670864e+01 
32 169.419907 42.851006 2.089712e+01 
33 172.516052 44.930496 2.492467e+01 
34 175.086853 46.372749 2.720082e+01 
35 177.540710 47.763443 2.795614e+01 
36 180.166397 49.116711 2.748142e+01 
37 182.358093 50.900551 2.726931e+01 
38 183.748764 52.703106 2.771602e+01 
39 184.584381 54.281960 2.814389e+01 
40 185.167526 55.688251 2.832947e+01 
41 185.806915 56.799450 2.853615e+01 
42 186.409058 57.870907 2.961692e+01 
43 186.918198 58.991875 2.938233e+01 
44 186.609421 59.815533 2.853461e+01 
45 186.470718 60.278400 2.716447e+01 
46 186.066391 60.531818 2.625801e+01 
TRACK_ID  364
POINT_NUM  31
61 88.630753 -63.895565 1.794762e+01 
62 99.431404 -64.996094 1.811564e+01 
63 104.910698 -65.575912 2.018302e+01 
64 105.810074 -65.420952 2.040001e+01 
65 105.201538 -65.111198 1.979666e+01 
66 100.455559 -65.066757 1.948315e+01 
67 104.750717 -64.362129 1.981079e+01 
68 109.909988 -63.444630 2.119176e+01 
69 113.764366 -63.103825 2.294479e+01 
70 117.584373 -62.826050 2.239678e+01 
71 123.691277 -61.786251 2.205921e+01 
72 129.662048 -60.956768 2.279086e+01 
73 133.142532 -60.853458 2.424841e+01 
74 136.326492 -61.120079 2.467147e+01 
75 139.336227 -61.328869 2.605227e+01 
76 141.572296 -61.803940 2.730829e+01 
77 142.840805 -62.137547 2.867507e+01 
78 144.239655 -62.426071 2.800399e+01 
79 145.597992 -62.375004 2.746117e+01 
80 147.522781 -62.551983 2.702072e+01 
81 150.747437 -63.871674 2.681504e+01 
82 153.410889 -65.262115 2.707827e+01 
83 152.924683 -65.256645 2.607827e+01 
84 153.530487 -65.024239 2.437227e+01 
85 154.940857 -65.082191 2.243537e+01 
86 157.744080 -65.403244 2.013837e+01 
87 161.302048 -65.775513 1.748386e+01 
88 164.586121 -66.203201 1.503770e+01 
89 164.247864 -66.566696 1.375039e+01 
90 167.225433 -67.836876 1.303892e+01 
91 168.211441 -69.030502 1.322944e+01 
TRACK_ID  369
POINT_NUM  20
48 338.152008 -54.149830 2.527826e+01 
49 341.454559 -56.197422 2.994590e+01 
50 341.713623 -58.149082 3.265330e+01 
51 341.199005 -59.420883 3.494329e+01 
52 340.396576 -59.708748 3.586451e+01 
53 341.015991 -59.362835 3.549267e+01 
54 343.156189 -59.133503 3.268926e+01 
55 346.422363 -58.970013 2.915352e+01 
56 351.314850 -58.604717 2.670424e+01 
57 358.003662 -58.100559 2.404778e+01 
58 4.971013 -57.893124 2.215945e+01 
59 11.674034 -58.410847 1.988798e+01 
60 17.654188 -59.344845 1.790276e+01 
61 22.937504 -60.082516 1.678782e+01 
62 28.614065 -60.358845 1.565799e+01 
63 33.565388 -60.933861 1.573641e+01 
64 38.659389 -61.708820 1.582763e+01 
65 41.829617 -63.217007 1.693491e+01 
66 43.527596 -64.251717 1.719701e+01 
67 43.077892 -65.205215 1.628666e+01 
TRACK_ID  371
POINT_NUM  21
50 118.504417 -27.014395 9.691310e+00 
51 117.387428 -28.140171 9.827822e+00 
52 114.431404 -31.576683 9.971815e+00 
53 113.942039 -32.234638 1.035760e+01 
54 115.135193 -31.927389 1.051107e+01 
55 114.734383 -33.455143 1.002422e+01 
56 114.917526 -33.340439 9.849380e+00 
57 115.166611 -32.503277 9.321360e+00 
58 116.898277 -30.587772 9.384627e+00 
59 117.056694 -29.619236 9.540202e+00 
60 114.698364 -30.228756 8.527866e+00 
61 113.668701 -30.501753 8.184340e+00 
62 114.247185 -30.617315 8.290502e+00 
63 112.022774 -32.052353 7.435594e+00 
64 111.721786 -32.864315 7.681599e+00 
65 111.532883 -34.047005 7.818095e+00 
66 112.133034 -35.308083 7.120601e+00 
67 113.160164 -35.916527 6.713389e+00 
68 113.806824 -36.773293 6.504442e+00 
69 115.115891 -37.122601 5.178617e+00 
70 116.888512 -37.215153 3.168872e+00 
TRACK_ID  378
POINT_NUM  25
58 19.136133 -19.877796 2.316626e+00 
59 19.243048 -23.286678 5.192206e+00 
60 20.880463 -25.600876 6.570580e+00 
61 20.694786 -25.249096 4.270708e+00 
62 19.872198 -23.605320 3.169837e+00 
63 20.849073 -24.751919 6.098557e+00 
64 20.737101 -25.559332 6.391425e+00 
65 19.721107 -22.631273 3.730048e+00 
66 20.676855 -20.815002 4.129591e+00 
67 20.105850 -23.492460 6.089481e+00 
68 20.743624 -25.113392 6.683347e+00 
69 21.629496 -22.628052 4.003150e+00 
70 22.871988 -20.494852 3.654601e+00 
71 20.450167 -23.546749 4.380326e+00 
72 19.449240 -25.969461 4.731983e+00 
73 17.303982 -27.801868 3.307640e+00 
74 15.790845 -29.024187 3.421260e+00 
75 17.883080 -29.383629 5.059818e+00 
76 18.703632 -30.310577 6.129489e+00 
77 18.181210 -31.843512 6.173269e+00 
78 18.604143 -33.317017 6.460724e+00 
79 20.945242 -32.776314 8.151676e+00 
80 21.821896 -32.453766 8.410532e+00 
81 22.500065 -34.019218 8.442390e+00 
82 23.180540 -34.604591 9.162172e+00 
TRACK_ID  380
POINT_NUM  11
48 190.728119 50.307243 2.789135e+01 
49 193.180542 52.534977 3.031895e+01 
50 194.547134 54.983219 3.119631e+01 
51 195.175507 56.968071 3.067809e+01 
52 195.440552 58.851601 2.963265e+01 
53 195.199478 60.716557 2.753862e+01 
54 193.964188 62.943726 2.628514e+01 
55 192.909943 65.442116 2.320804e+01 
56 193.441910 67.248871 2.131298e+01 
57 193.232224 68.933350 1.858509e+01 
58 188.078079 69.484779 1.614211e+01 
TRACK_ID  393
POINT_NUM  17
63 155.312637 33.344753 8.480200e+00 
64 159.727921 33.228809 1.094398e+01 
65 163.348938 34.415886 1.499913e+01 
66 165.906769 35.845665 2.166824e+01 
67 167.471390 37.078869 2.595310e+01 
68 168.244843 37.971786 2.985872e+01 
69 168.535156 38.099129 3.126122e+01 
70 168.812851 37.518776 3.089804e+01 
71 169.863480 36.736752 2.791776e+01 
72 171.661575 35.974060 2.591718e+01 
73 174.061600 35.918396 2.339640e+01 
74 176.715256 36.070324 2.206778e+01 
75 179.626160 36.567970 2.074222e+01 
76 182.684647 37.104458 2.045135e+01 
77 186.023621 37.835144 2.118049e+01 
78 188.829697 38.627850 2.095140e+01 
79 192.674164 39.879646 1.938499e+01 
TRACK_ID  396
POINT_NUM  51
64 93.699471 -10.727639 2.059858e+00 
65 94.068451 -10.361820 2.354581e+00 
66 93.962952 -10.443574 2.196598e+00 
67 93.622383 -11.320280 2.146714e+00 
68 93.723648 -11.277724 2.645934e+00 
69 93.500343 -11.302909 2.747889e+00 
70 93.458397 -11.545254 3.175613e+00 
71 93.165749 -12.294848 3.536357e+00 
72 93.135994 -12.386697 4.251642e+00 
73 92.970268 -12.435055 4.476493e+00 
74 92.437698 -12.685911 5.078917e+00 
75 92.331970 -13.115614 5.971975e+00 
76 92.665810 -13.019638 6.116025e+00 
77 92.588509 -12.789419 6.281028e+00 
78 92.206039 -12.727108 6.302659e+00 
79 92.017754 -12.788556 6.598462e+00 
80 92.033012 -12.677966 5.887968e+00 
81 92.008881 -12.312917 6.045905e+00 
82 91.610626 -12.200382 6.103524e+00 
83 91.541435 -12.496932 6.830799e+00 
84 91.304558 -12.307693 6.435127e+00 
85 91.334259 -12.100490 6.118600e+00 
86 90.644638 -12.548758 5.702676e+00 
87 90.464691 -12.590000 5.623455e+00 
88 90.735458 -12.658996 4.873943e+00 
89 90.290840 -12.754842 4.999889e+00 
90 90.607635 -13.028719 4.925374e+00 
91 90.512108 -13.323899 5.207603e+00 
92 90.768135 -13.343376 5.627717e+00 
93 91.040199 -12.951528 5.911269e+00 
94 91.029099 -13.534858 6.085102e+00 
95 90.788383 -13.844355 6.041974e+00 
96 91.191246 -13.737701 6.432266e+00 
97 90.739609 -13.351037 6.861712e+00 
98 90.047752 -14.405594 6.790776e+00 
99 88.697678 -14.811263 7.252877e+00 
100 87.982002 -14.889800 7.116801e+00 
101 86.890373 -15.287930 7.073494e+00 
102 85.263756 -15.664917 7.441114e+00 
103 84.134293 -16.415281 8.207748e+00 
104 83.374802 -16.379681 8.255722e+00 
105 81.849663 -16.963377 8.443209e+00 
106 81.113579 -17.200924 9.220448e+00 
107 79.949593 -17.381514 9.941301e+00 
108 79.068794 -17.490738 9.620559e+00 
109 77.499489 -17.988968 8.889078e+00 
110 75.926498 -18.151367 8.215770e+00 
111 73.845596 -18.103804 8.244720e+00 
112 72.665237 -19.378546 6.625721e+00 
113 69.961655 -20.399467 6.022615e+00 
114 69.294632 -21.084667 5.997180e+00 
TRACK_ID  405
POINT_NUM  17
66 327.184509 -48.342293 1.531287e+01 
67 331.866119 -47.541954 1.799250e+01 
68 336.997589 -47.554531 2.122766e+01 
69 343.149017 -47.890537 2.475241e+01 
70 349.003601 -49.698158 2.926583e+01 
71 351.951599 -51.453064 3.310588e+01 
72 353.581848 -52.459785 3.511714e+01 
73 355.893890 -53.274284 3.537910e+01 
74 359.050323 -54.217098 3.329599e+01 
75 1.792575 -54.929588 3.055605e+01 
76 4.614551 -55.063442 2.878818e+01 
77 8.157006 -55.377316 2.732121e+01 
78 12.589792 -55.854549 2.540997e+01 
79 18.306381 -56.860893 2.263781e+01 
80 28.637508 -58.975964 2.033421e+01 
81 38.618259 -60.584427 2.051192e+01 
82 48.586342 -60.979404 1.944019e+01 
TRACK_ID  418
POINT_NUM  20
68 292.150787 -38.033001 4.654193e+00 
69 294.085571 -40.801437 7.304142e+00 
70 296.417786 -42.379799 6.382396e+00 
71 298.585632 -43.064941 5.662993e+00 
72 301.514374 -43.524509 3.103840e+00 
73 305.714630 -45.423969 4.280912e+00 
74 308.922760 -46.470371 7.010498e+00 
75 312.412659 -48.136028 9.112127e+00 
76 316.430084 -49.810345 1.219561e+01 
77 320.331268 -51.627785 1.656517e+01 
78 323.355042 -53.478237 2.060914e+01 
79 325.926331 -54.974983 2.539484e+01 
80 328.935913 -56.529381 2.805053e+01 
81 331.703644 -57.944511 3.043105e+01 
82 334.380676 -59.357342 2.957221e+01 
83 336.645294 -60.516991 2.827526e+01 
84 338.006256 -61.525909 2.546071e+01 
85 337.250977 -62.142742 2.309492e+01 
86 335.166016 -62.213604 2.065467e+01 
87 333.898102 -61.846592 2.029306e+01 
TRACK_ID  420
POINT_NUM  19
68 128.793732 37.871849 2.868040e+00 
69 128.768753 36.332413 3.543412e+00 
70 127.462280 34.127880 2.023752e+00 
71 127.254471 32.272659 2.180450e+00 
72 126.442352 31.220650 3.064214e+00 
73 126.004684 31.236315 4.192866e+00 
74 125.066414 31.729063 4.580437e+00 
75 125.493668 32.323925 6.076733e+00 
76 125.391464 32.587246 8.250743e+00 
77 125.955620 33.163242 1.058231e+01 
78 127.531204 33.171177 1.151215e+01 
79 130.098755 33.240768 1.372987e+01 
80 132.999741 34.064308 1.590070e+01 
81 136.186584 35.375435 1.694271e+01 
82 138.460754 35.836826 1.685486e+01 
83 141.049286 35.375351 1.609128e+01 
84 143.693024 34.953846 1.425677e+01 
85 146.948853 34.486382 1.118525e+01 
86 150.000931 33.702770 8.027545e+00 
TRACK_ID  425
POINT_NUM  26
69 215.604568 41.499466 2.123484e+01 
70 217.565552 43.248554 2.702131e+01 
71 218.616486 45.222984 3.298207e+01 
72 218.623215 46.892246 3.609542e+01 
73 217.392288 48.421799 3.540019e+01 
74 215.005859 49.501640 3.273101e+01 
75 211.532822 49.974392 2.975168e+01 
76 208.222687 49.854256 2.821149e+01 
77 206.100037 49.474842 2.649286e+01 
78 204.490601 49.358845 2.436834e+01 
79 202.853775 49.321793 2.253113e+01 
80 201.279312 48.540668 2.296879e+01 
81 200.717209 46.356934 2.477626e+01 
82 201.862549 46.785454 2.643327e+01 
83 202.613800 47.954620 2.667205e+01 
84 202.076202 49.330898 2.615659e+01 
85 199.757416 50.157207 2.479621e+01 
86 197.891373 50.022018 2.353008e+01 
87 196.536392 49.516586 2.196534e+01 
88 195.846588 49.041157 2.095923e+01 
89 195.578934 48.325665 2.035498e+01 
90 195.322235 47.935375 1.898790e+01 
91 194.249115 47.659496 1.696928e+01 
92 193.340164 47.374844 1.445739e+01 
93 192.299438 46.764858 1.230762e+01 
94 190.763641 45.960945 9.923959e+00 
TRACK_ID  432
POINT_NUM  28
71 157.811691 -13.986715 3.567669e+00 
72 158.310196 -13.477137 5.042454e+00 
73 159.328888 -14.233885 4.789825e+00 
74 158.049545 -13.518228 4.847053e+00 
75 157.716644 -13.465366 5.311807e+00 
76 158.010269 -13.638982 5.373813e+00 
77 157.426727 -14.023713 4.648924e+00 
78 157.146378 -14.421191 4.658993e+00 
79 155.969528 -14.709198 4.246806e+00 
80 155.079941 -14.527514 4.905563e+00 
81 154.842896 -15.399761 4.313149e+00 
82 154.844193 -15.460795 3.812700e+00 
83 153.864243 -15.422856 4.428357e+00 
84 153.387299 -15.330120 5.093823e+00 
85 152.882889 -15.654379 4.825806e+00 
86 153.422165 -15.502005 4.645684e+00 
87 152.882675 -15.352240 5.643466e+00 
88 152.956772 -15.632304 6.381281e+00 
89 153.299957 -16.120474 7.120320e+00 
90 153.672333 -16.573057 6.900694e+00 
91 153.678894 -16.355680 6.928690e+00 
92 153.622269 -16.605309 8.431031e+00 
93 153.055954 -16.517492 8.880696e+00 
94 152.890335 -16.673899 8.585361e+00 
95 151.831314 -16.835638 8.459704e+00 
96 150.784378 -16.909943 8.863215e+00 
97 149.461334 -16.881647 7.591310e+00 
98 147.771896 -17.436113 5.771834e+00 
TRACK_ID  441
POINT_NUM  22
73 31.471972 48.585228 1.280561e+01 
74 33.471836 47.386028 1.192050e+01 
75 33.428795 45.574669 9.640001e+00 
76 37.052334 46.596569 9.135376e+00 
77 40.029636 47.436920 9.621306e+00 
78 42.620808 48.861046 1.073394e+01 
79 45.271816 51.495373 1.020455e+01 
80 47.556385 53.000172 1.049068e+01 
81 49.713772 54.038876 1.047852e+01 
82 52.681511 56.207870 1.069001e+01 
83 56.228786 58.495777 1.045166e+01 
84 60.650661 60.638626 1.130531e+01 
85 66.211319 63.156101 1.234518e+01 
86 71.429955 65.174133 1.362462e+01 
87 76.954918 66.968498 1.504916e+01 
88 84.077599 68.727432 1.632675e+01 
89 99.239922 70.379143 1.926861e+01 
90 108.976158 70.233246 2.191742e+01 
91 114.837715 69.761932 2.169139e+01 
92 117.130539 68.894966 1.804240e+01 
93 117.635841 67.270042 1.495539e+01 
94 119.027199 65.024429 1.022391e+01 
TRACK_ID  446
POINT_NUM  27
74 278.625397 37.486103 8.587300e+00 
75 283.430267 36.677536 1.247884e+01 
76 289.508911 37.033260 1.806659e+01 
77 296.284607 38.904758 2.253240e+01 
78 302.714508 41.197594 2.572619e+01 
79 309.396088 43.521015 2.630408e+01 
80 316.340454 46.023571 2.584279e+01 
81 322.974670 48.141884 2.667483e+01 
82 331.450562 51.281330 2.601814e+01 
83 340.351776 54.619930 3.114776e+01 
84 348.480225 57.272263 3.437895e+01 
85 355.635223 59.632553 3.682584e+01 
86 1.272284 61.625175 3.555080e+01 
87 6.464734 63.242435 3.345832e+01 
88 12.355778 64.177406 3.012032e+01 
89 17.655195 64.884682 2.635734e+01 
90 24.000753 65.865616 2.230941e+01 
91 30.181368 67.130486 1.842277e+01 
92 34.624748 67.826118 1.627573e+01 
93 37.703194 68.093292 1.481380e+01 
94 40.167610 68.110367 1.452409e+01 
95 42.280880 68.113953 1.393920e+01 
96 44.337772 67.768440 1.309500e+01 
97 46.598900 67.441605 1.164584e+01 
98 48.751808 67.104103 1.017918e+01 
99 50.647324 66.843285 8.197602e+00 
100 53.151882 66.347008 6.629912e+00 
TRACK_ID  456
POINT_NUM  20
76 314.179688 -27.838346 7.094758e+00 
77 316.028809 -28.023912 7.862202e+00 
78 316.394501 -28.484621 8.835159e+00 
79 317.526886 -28.945724 9.348003e+00 
80 319.812744 -30.753668 8.843744e+00 
81 323.461884 -33.816292 9.430558e+00 
82 327.553040 -36.668442 1.038060e+01 
83 332.230621 -39.594585 1.058155e+01 
84 336.843018 -43.150757 1.195792e+01 
85 341.140686 -46.485050 1.569473e+01 
86 346.267334 -49.595085 1.905521e+01 
87 352.106812 -52.493446 2.346984e+01 
88 358.878754 -54.903835 2.775133e+01 
89 6.612372 -56.528248 3.117349e+01 
90 14.922516 -57.113937 2.984020e+01 
91 23.265678 -56.900223 2.760131e+01 
92 31.393009 -55.752750 2.451755e+01 
93 38.939095 -53.993389 2.314716e+01 
94 46.312477 -51.988396 2.223291e+01 
95 52.908886 -50.852047 2.148833e+01 
TRACK_ID  457
POINT_NUM  20
76 12.027809 38.584270 5.347815e+00 
77 12.266354 36.680298 7.553479e+00 
78 14.564882 35.692638 1.029032e+01 
79 16.655403 35.240749 1.179297e+01 
80 20.505695 34.721157 1.303130e+01 
81 23.051756 34.064240 1.319518e+01 
82 25.723410 33.558632 1.441542e+01 
83 27.764011 33.179943 1.390195e+01 
84 29.830685 32.841343 1.416383e+01 
85 31.207516 32.635849 1.457675e+01 
86 31.969625 32.529438 1.522663e+01 
87 33.780350 32.703415 1.361250e+01 
88 34.701927 32.704838 1.264839e+01 
89 39.323463 32.935162 1.282700e+01 
90 40.211948 33.520870 1.336319e+01 
91 41.325993 34.154331 1.332811e+01 
92 41.770802 34.457661 1.294257e+01 
93 42.299191 34.891945 1.174510e+01 
94 42.536865 34.863586 9.212889e+00 
95 40.444363 34.602768 5.908279e+00 
TRACK_ID  461
POINT_NUM  27
78 213.504684 -23.153336 6.110661e+00 
79 213.745682 -23.769506 6.532143e+00 
80 214.796875 -25.146574 6.736014e+00 
81 215.142136 -25.911640 7.325563e+00 
82 214.410278 -26.440561 7.426060e+00 
83 213.433807 -26.771479 7.144443e+00 
84 212.659348 -27.237804 6.113442e+00 
85 212.474854 -27.580799 5.259569e+00 
86 212.158752 -27.796703 5.098298e+00 
87 212.544449 -28.385723 5.211708e+00 
88 213.246643 -28.927710 5.568676e+00 
89 214.101013 -29.458458 6.178339e+00 
90 214.979370 -29.914064 7.600215e+00 
91 215.999115 -30.696264 8.979712e+00 
92 217.014206 -31.427492 1.022560e+01 
93 217.772324 -31.926161 1.154843e+01 
94 218.301834 -32.594799 1.301543e+01 
95 218.425323 -33.623886 1.386094e+01 
96 218.221725 -34.706825 1.463756e+01 
97 217.615479 -36.083168 1.449760e+01 
98 216.574753 -37.262882 1.410968e+01 
99 215.218170 -38.259098 1.258611e+01 
100 213.925644 -38.744305 1.097942e+01 
101 212.777725 -38.857075 9.388890e+00 
102 212.325546 -38.210888 8.232400e+00 
103 212.706985 -37.430305 6.436581e+00 
104 216.489670 -34.469147 6.080899e+00 
TRACK_ID  473
POINT_NUM  24
81 296.067810 39.952602 1.074403e+01 
82 298.026428 39.006798 1.288479e+01 
83 301.804016 38.963383 1.572282e+01 
84 306.489319 39.999626 1.792082e+01 
85 311.257751 42.292076 2.146549e+01 
86 315.483582 44.897373 2.511418e+01 
87 318.712280 47.232327 2.902537e+01 
88 322.487915 49.315319 3.071346e+01 
89 326.910217 51.606010 3.005995e+01 
90 332.779419 54.724316 2.893803e+01 
91 339.832947 57.688179 2.961653e+01 
92 347.519867 59.725788 2.944004e+01 
93 355.524597 60.904606 2.743691e+01 
94 3.622443 61.170033 2.262263e+01 
95 13.714194 59.584515 1.866012e+01 
96 21.853617 57.623726 1.770521e+01 
97 26.307364 56.588909 1.645673e+01 
98 29.116344 55.296505 1.528793e+01 
99 31.132301 53.874279 1.293460e+01 
100 32.877270 52.253403 1.107217e+01 
101 34.329910 50.542179 9.313438e+00 
102 35.472202 49.406326 8.167208e+00 
103 36.384743 48.752972 6.266352e+00 
104 37.543728 47.708866 4.882447e+00 
TRACK_ID  476
POINT_NUM  14
81 49.394806 43.508423 1.101493e+01 
82 51.637897 41.664448 1.173993e+01 
83 53.578823 40.466869 1.095484e+01 
84 57.924789 40.107327 1.043410e+01 
85 63.588211 39.720974 1.143866e+01 
86 65.275406 40.443264 1.047524e+01 
87 65.037704 41.524670 9.053182e+00 
88 66.318192 42.617195 8.314208e+00 
89 66.347992 43.715260 7.161318e+00 
90 67.606705 44.520943 5.436479e+00 
91 69.411674 45.262325 3.671335e+00 
92 69.885040 44.842712 4.390590e+00 
93 70.378563 44.440807 4.471731e+00 
94 70.354530 44.077660 4.065025e+00 
TRACK_ID  480
POINT_NUM  25
82 282.329620 67.703423 5.605043e+00 
83 285.833405 67.145844 6.356890e+00 
84 288.634125 66.914871 6.320549e+00 
85 290.152893 66.346405 6.767848e+00 
86 291.953613 64.818283 7.404778e+00 
87 295.867279 62.319958 8.708764e+00 
88 302.637299 60.579418 1.126900e+01 
89 307.065979 60.500927 1.583354e+01 
90 310.079620 61.055710 1.948027e+01 
91 312.200012 60.738556 2.027166e+01 
92 315.099792 59.630875 2.068618e+01 
93 316.475464 58.005798 2.163213e+01 
94 318.219727 55.335747 2.224270e+01 
95 321.033112 54.010796 2.345001e+01 
96 324.663849 55.579456 2.348369e+01 
97 326.887817 59.734898 2.667795e+01 
98 329.535004 62.346638 2.951154e+01 
99 330.768341 64.466125 3.022515e+01 
100 325.738495 63.282681 3.035272e+01 
101 324.564056 62.270332 3.267835e+01 
102 325.508606 62.563271 3.239962e+01 
103 326.181549 62.817928 3.132895e+01 
104 327.050171 63.193455 3.118688e+01 
105 329.363342 63.888477 3.019125e+01 
106 329.870880 64.532906 2.586553e+01 
TRACK_ID  481
POINT_NUM  30
83 62.943367 -60.414505 1.932735e+01 
84 71.058624 -58.937790 1.855075e+01 
85 81.159897 -55.604328 1.859613e+01 
86 87.539948 -52.968334 1.908087e+01 
87 93.077568 -50.982391 2.000427e+01 
88 97.610130 -49.803215 2.166931e+01 
89 101.856194 -49.026382 2.236407e+01 
90 105.548645 -48.789387 2.210490e+01 
91 109.437790 -48.816624 2.118527e+01 
92 112.932457 -49.109486 2.116086e+01 
93 116.243217 -49.595943 2.107018e+01 
94 119.770172 -50.001293 1.899454e+01 
95 126.517723 -51.177937 1.815039e+01 
96 131.221878 -51.913418 1.908606e+01 
97 136.161316 -52.167999 2.067075e+01 
98 140.055954 -52.946236 2.179279e+01 
99 142.502060 -53.408215 2.405887e+01 
100 144.373154 -53.835548 2.540531e+01 
101 145.936035 -54.321167 2.592643e+01 
102 147.460709 -55.057018 2.556888e+01 
103 149.354065 -55.411919 2.535777e+01 
104 152.159485 -55.783447 2.501517e+01 
105 157.567017 -56.279282 2.516180e+01 
106 162.033279 -56.903664 2.653701e+01 
107 166.220306 -57.770233 2.835479e+01 
108 167.379425 -59.735138 2.876966e+01 
109 168.284576 -61.652996 2.809079e+01 
110 168.702087 -63.347374 2.706536e+01 
111 167.839951 -63.952309 2.513606e+01 
112 166.444885 -64.198975 2.353769e+01 
TRACK_ID  483
POINT_NUM  30
83 65.820068 -18.985884 8.288795e+00 
84 63.469349 -19.285671 8.944236e+00 
85 61.674267 -19.083094 9.565092e+00 
86 60.949970 -19.020727 1.029134e+01 
87 60.114204 -19.012962 1.134381e+01 
88 59.693752 -19.015980 1.212576e+01 
89 58.785229 -19.476936 1.195677e+01 
90 58.648716 -19.695404 1.207355e+01 
91 58.230991 -20.348989 1.199599e+01 
92 58.028061 -20.449804 1.200125e+01 
93 57.604733 -20.530281 1.174987e+01 
94 57.367535 -20.509771 1.207791e+01 
95 57.721970 -20.801802 1.223706e+01 
96 58.026333 -21.012341 1.286866e+01 
97 58.535133 -21.363783 1.316480e+01 
98 59.127747 -22.019571 1.314991e+01 
99 59.984459 -22.579828 1.365231e+01 
100 60.867836 -23.377680 1.411214e+01 
101 61.882721 -24.136076 1.318675e+01 
102 61.951073 -24.600891 1.245166e+01 
103 62.714199 -24.532930 1.233631e+01 
104 62.277378 -24.955170 1.239767e+01 
105 61.448036 -25.837191 1.182610e+01 
106 60.834251 -26.436867 1.084793e+01 
107 60.339420 -27.821260 9.776922e+00 
108 59.606903 -29.056398 8.625429e+00 
109 59.429287 -30.726059 7.221314e+00 
110 59.800301 -31.792467 5.671455e+00 
111 61.140095 -32.981228 5.193516e+00 
112 63.239521 -34.734886 3.808175e+00 
TRACK_ID  486
POINT_NUM  12
83 212.030548 -52.746742 9.969553e+00 
84 219.568787 -49.916737 1.011305e+01 
85 226.098831 -48.258686 1.145686e+01 
86 232.901260 -47.829048 1.302318e+01 
87 238.188950 -47.493767 1.631605e+01 
88 242.879272 -47.393753 1.995557e+01 
89 247.213089 -47.926937 2.273542e+01 
90 251.303040 -48.484623 2.402341e+01 
91 255.141006 -49.212242 2.515045e+01 
92 258.657806 -49.995770 2.560029e+01 
93 262.430267 -50.928726 2.453591e+01 
94 266.459930 -52.266823 2.425843e+01 
TRACK_ID  487
POINT_NUM  8
84 180.239761 -72.341835 1.847514e+01 
85 185.623825 -73.707115 1.808593e+01 
86 191.797226 -74.648949 1.767392e+01 
87 196.846863 -75.227966 1.721774e+01 
88 200.638916 -75.056519 1.773710e+01 
89 207.453720 -75.195305 1.946572e+01 
90 214.901215 -75.116623 1.906269e+01 
91 226.114334 -73.697548 1.680578e+01 
TRACK_ID  490
POINT_NUM  18
84 246.827316 -41.970222 8.944630e+00 
85 251.336014 -43.405563 1.274064e+01 
86 255.854752 -45.466930 1.612852e+01 
87 260.552795 -47.847660 1.854282e+01 
88 265.636749 -50.473156 1.823982e+01 
89 271.612030 -53.138474 1.658705e+01 
90 277.887115 -55.630848 1.488447e+01 
91 284.477478 -57.641178 1.408413e+01 
92 290.441193 -58.905670 1.360878e+01 
93 296.027679 -59.838814 1.229932e+01 
94 300.998810 -60.224155 1.248756e+01 
95 306.519135 -60.187801 1.200005e+01 
96 312.345978 -60.204052 1.179347e+01 
97 316.637726 -60.016022 1.185975e+01 
98 320.731018 -59.762890 1.122950e+01 
99 324.846863 -59.168373 1.050395e+01 
100 328.633820 -58.701275 1.019332e+01 
101 332.390900 -57.966995 9.568079e+00 
TRACK_ID  491
POINT_NUM  31
84 134.915482 39.489338 1.337611e+01 
85 134.613739 39.915783 1.505501e+01 
86 135.532593 40.347458 1.680067e+01 
87 137.073547 40.672443 1.816830e+01 
88 138.375031 41.456810 1.978024e+01 
89 139.538483 42.250057 2.111020e+01 
90 140.438599 42.861824 2.216948e+01 
91 141.128952 43.082291 2.401108e+01 
92 142.850891 43.224426 2.566550e+01 
93 144.761810 43.650951 2.642471e+01 
94 149.076431 44.042656 2.914807e+01 
95 149.909012 45.165813 3.249809e+01 
96 149.257034 45.775463 3.456009e+01 
97 148.367523 45.631313 3.421310e+01 
98 148.377121 45.076351 3.233993e+01 
99 148.791199 44.375557 2.874631e+01 
100 150.209961 44.016029 2.617642e+01 
101 151.214737 44.092079 2.440625e+01 
102 151.802643 43.953045 2.239458e+01 
103 152.353836 43.558125 1.986773e+01 
104 153.515823 42.904076 1.699725e+01 
105 154.949265 42.110310 1.484333e+01 
106 156.102798 41.205029 1.310828e+01 
107 157.567856 40.465637 1.206940e+01 
108 160.303741 39.319824 1.111951e+01 
109 164.707642 38.588856 9.859415e+00 
110 170.078735 38.049843 1.006294e+01 
111 174.211899 37.483421 9.743114e+00 
112 179.028824 37.024769 9.921176e+00 
113 182.855743 36.323574 9.608236e+00 
114 187.505295 35.439274 8.544730e+00 
TRACK_ID  492
POINT_NUM  15
84 322.407928 -27.168692 6.439444e+00 
85 323.671509 -26.796736 6.540750e+00 
86 324.717712 -26.411545 7.407532e+00 
87 325.887177 -26.625050 7.896476e+00 
88 326.888214 -26.897276 8.053389e+00 
89 327.502258 -26.880558 8.113780e+00 
90 328.826965 -27.516171 8.109955e+00 
91 329.914032 -28.006435 7.779047e+00 
92 330.771484 -28.698719 7.506332e+00 
93 331.632233 -29.350542 6.610718e+00 
94 332.777191 -30.385662 6.693363e+00 
95 333.784546 -30.709183 7.129919e+00 
96 334.477600 -31.015091 6.447326e+00 
97 334.538147 -30.991194 5.919114e+00 
98 333.941010 -30.593063 5.948281e+00 
TRACK_ID  496
POINT_NUM  33
85 166.561554 -49.226662 1.287434e+01 
86 169.624023 -50.176266 1.532885e+01 
87 171.097870 -48.350662 1.714416e+01 
88 173.535873 -47.302864 2.019810e+01 
89 175.428833 -49.577301 2.419412e+01 
90 176.785660 -52.682968 2.786763e+01 
91 177.986328 -55.650402 3.238758e+01 
92 179.530655 -58.498913 3.488247e+01 
93 181.257568 -60.734344 3.697381e+01 
94 183.615753 -63.210289 3.971840e+01 
95 187.037949 -65.957840 4.389310e+01 
96 191.093872 -68.503532 4.647768e+01 
97 195.451706 -70.543686 4.718927e+01 
98 199.142532 -71.543533 4.669236e+01 
99 202.707718 -72.073555 4.495840e+01 
100 206.827408 -72.127388 4.277625e+01 
101 211.728012 -71.847778 3.993773e+01 
102 218.123901 -71.082123 3.599614e+01 
103 225.141403 -69.870491 3.175587e+01 
104 233.110291 -68.193016 2.888993e+01 
105 241.173965 -66.495232 2.755172e+01 
106 245.969757 -64.324944 2.695610e+01 
107 250.914459 -62.200298 2.631869e+01 
108 255.097977 -60.517338 2.673020e+01 
109 259.583679 -59.910553 2.546700e+01 
110 263.532654 -60.133392 2.494200e+01 
111 266.344147 -60.446129 2.398481e+01 
112 270.136810 -62.557255 2.254562e+01 
113 271.963562 -63.308048 2.132863e+01 
114 272.692810 -63.648937 1.995823e+01 
115 273.325073 -64.309456 1.797966e+01 
116 273.250092 -64.782280 1.581366e+01 
117 272.595551 -65.104790 1.353046e+01 
TRACK_ID  501
POINT_NUM  8
87 327.377136 -54.344315 1.990581e+01 
88 332.215668 -54.616055 2.161849e+01 
89 336.426849 -54.936710 2.241047e+01 
90 341.205078 -55.851555 2.225702e+01 
91 346.136688 -56.919884 2.145968e+01 
92 350.684937 -58.097416 2.049524e+01 
93 354.488007 -58.910999 1.992938e+01 
94 358.632782 -59.513565 1.888391e+01 
TRACK_ID  502
POINT_NUM  17
87 40.766407 -44.811024 4.863727e+00 
88 46.348831 -48.268856 6.550466e+00 
89 51.233871 -50.215813 1.059442e+01 
90 55.615826 -51.368214 1.384307e+01 
91 59.639885 -52.835213 1.683897e+01 
92 62.875465 -54.398029 1.997711e+01 
93 64.966728 -55.958668 2.399058e+01 
94 66.036980 -57.105545 2.734371e+01 
95 66.871468 -58.035362 2.992258e+01 
96 67.508362 -58.898319 3.170553e+01 
97 67.517967 -59.861450 3.278026e+01 
98 67.135017 -60.495247 3.187418e+01 
99 66.888458 -60.915131 3.001171e+01 
100 67.773048 -61.000965 2.784132e+01 
101 68.715622 -61.266396 2.592549e+01 
102 68.704498 -61.365093 2.388071e+01 
103 69.906990 -61.344406 2.086098e+01 
TRACK_ID  509
POINT_NUM  12
89 201.499832 41.343246 1.797781e+01 
90 206.566696 42.987358 2.136822e+01 
91 210.282211 44.751434 2.484120e+01 
92 213.471451 45.936478 2.676590e+01 
93 217.055481 47.140907 2.636176e+01 
94 220.379578 48.029755 2.614344e+01 
95 223.359512 48.771400 2.504922e+01 
96 225.715820 49.153866 2.306602e+01 
97 227.473953 49.574432 1.779301e+01 
98 228.599243 50.014687 1.272949e+01 
99 228.518387 51.711639 7.805776e+00 
100 224.940063 54.858624 5.432211e+00 
TRACK_ID  511
POINT_NUM  9
90 165.794571 76.154053 9.133513e+00 
91 175.946915 76.258842 7.212862e+00 
92 187.771286 76.309395 5.777817e+00 
93 192.202393 76.294540 4.159298e+00 
94 200.477188 76.440140 4.127711e+00 
95 204.460754 76.359489 3.961380e+00 
96 209.626175 76.442085 3.819719e+00 
97 214.068604 76.525803 3.617558e+00 
98 218.649109 77.150894 3.829368e+00 
TRACK_ID  512
POINT_NUM  9
90 243.104248 48.985107 9.660295e+00 
91 248.817734 47.281303 1.011790e+01 
92 250.027542 48.889713 9.559699e+00 
93 252.546860 47.598270 9.784883e+00 
94 253.888672 47.090969 8.606918e+00 
95 254.870743 45.901344 7.118791e+00 
96 256.549622 43.855816 6.102162e+00 
97 255.671692 41.676559 7.176698e+00 
98 256.448425 40.653637 5.898543e+00 
TRACK_ID  515
POINT_NUM  23
91 359.708649 76.466286 9.166853e+00 
92 358.819733 77.146652 8.647572e+00 
93 358.671936 78.156837 8.538537e+00 
94 356.542603 80.013863 8.312128e+00 
95 351.664886 82.566872 8.495262e+00 
96 341.129608 85.680466 9.747453e+00 
97 318.916687 87.539055 1.213879e+01 
98 266.631500 87.863800 1.479805e+01 
99 233.342453 87.133133 1.654408e+01 
100 230.990784 86.573883 1.715248e+01 
101 224.713486 86.191948 1.847722e+01 
102 215.550430 85.768448 2.004284e+01 
103 202.908340 84.957336 2.197046e+01 
104 190.290955 83.550705 2.357958e+01 
105 179.502655 81.444901 2.497797e+01 
106 174.895020 79.270523 2.512590e+01 
107 172.728729 77.526161 2.403079e+01 
108 169.651642 76.095612 2.171903e+01 
109 166.151093 74.750587 1.855230e+01 
110 163.064529 73.487785 1.514193e+01 
111 161.142624 72.209061 1.112423e+01 
112 159.750778 70.667862 7.257830e+00 
113 160.234299 68.378204 2.403908e+00 
TRACK_ID  524
POINT_NUM  14
93 189.462433 33.627991 9.817149e+00 
94 193.698730 34.608864 1.493068e+01 
95 196.809692 36.054340 1.983082e+01 
96 199.030090 37.825199 2.486496e+01 
97 200.375717 39.578579 2.829167e+01 
98 201.178177 40.916462 3.049912e+01 
99 201.916504 42.221340 3.118810e+01 
100 202.529709 43.214485 3.099672e+01 
101 203.300354 44.250916 3.006056e+01 
102 204.578827 45.388889 2.905035e+01 
103 205.247391 46.349243 2.790844e+01 
104 206.079132 47.376999 2.628679e+01 
105 206.408829 48.134418 2.383161e+01 
106 206.764023 48.660992 2.136305e+01 
TRACK_ID  525
POINT_NUM  23
93 63.779327 65.804695 8.907729e+00 
94 70.410065 65.366661 9.481843e+00 
95 75.968521 65.213196 9.634044e+00 
96 80.139877 64.836021 9.136401e+00 
97 84.991196 64.043884 9.437469e+00 
98 97.449089 62.540722 8.087144e+00 
99 104.972778 61.189739 9.523298e+00 
100 111.823944 60.211506 1.026736e+01 
101 116.219421 59.142544 1.070061e+01 
102 118.334602 57.424782 1.036768e+01 
103 114.144722 54.347736 1.132888e+01 
104 112.647858 52.949017 1.288772e+01 
105 114.369370 52.059677 1.379355e+01 
106 116.049934 51.116711 1.450290e+01 
107 117.225281 49.780983 1.370409e+01 
108 121.493233 48.705185 1.270117e+01 
109 124.280777 48.554420 1.214842e+01 
110 125.710274 48.163898 1.141152e+01 
111 127.935501 49.323269 9.987147e+00 
112 129.537872 50.021107 9.035645e+00 
113 131.158401 50.519150 8.196065e+00 
114 133.008820 51.030155 7.589402e+00 
115 139.176987 50.445469 6.724100e+00 
TRACK_ID  538
POINT_NUM  19
96 29.022938 33.357864 3.965595e+00 
97 29.275522 32.723095 3.723772e+00 
98 30.272470 32.766171 4.286076e+00 
99 31.743952 34.091961 3.995298e+00 
100 30.765831 35.063053 4.531388e+00 
101 31.845757 34.484371 5.807277e+00 
102 32.967167 34.616371 7.149768e+00 
103 35.744751 34.843807 8.347124e+00 
104 38.291115 35.523815 9.039616e+00 
105 40.304546 36.425400 9.850286e+00 
106 42.616211 37.379734 1.051886e+01 
107 47.352329 38.166687 1.018610e+01 
108 55.431488 37.169044 1.134155e+01 
109 60.034191 37.633518 1.303403e+01 
110 63.409466 39.230007 1.358416e+01 
111 66.490211 40.504192 1.281234e+01 
112 69.287811 41.431274 1.229335e+01 
113 75.243790 42.410473 1.054548e+01 
114 77.667656 42.570850 8.236857e+00 
TRACK_ID  539
POINT_NUM  11
96 69.088112 42.602932 6.406857e+00 
97 70.891037 44.440731 8.996214e+00 
98 72.619598 45.617954 1.024431e+01 
99 75.410179 46.922806 1.083256e+01 
100 77.262901 49.117725 1.194594e+01 
101 75.091621 52.554352 1.314780e+01 
102 74.966393 54.032726 1.308097e+01 
103 74.719856 55.014530 1.214160e+01 
104 74.284142 55.598930 1.122139e+01 
105 74.556870 55.840164 1.010492e+01 
106 75.875183 55.536125 7.822363e+00 
TRACK_ID  543
POINT_NUM  17
97 327.911835 -52.089603 8.009016e+00 
98 332.853882 -51.344017 8.528081e+00 
99 335.784668 -50.227371 9.662323e+00 
100 338.817505 -49.865044 1.143732e+01 
101 341.713562 -49.456020 1.321178e+01 
102 345.181152 -49.299332 1.474458e+01 
103 347.886200 -49.323639 1.586419e+01 
104 350.599304 -49.508221 1.687357e+01 
105 352.923645 -49.843697 1.692213e+01 
106 355.050049 -50.688992 1.771001e+01 
107 356.671753 -51.804802 1.893633e+01 
108 357.942169 -53.217606 1.996961e+01 
109 358.824493 -54.452831 2.049980e+01 
110 359.669128 -55.303387 1.997196e+01 
111 0.425070 -55.757095 1.944226e+01 
112 0.701670 -56.748627 1.928636e+01 
113 358.868225 -57.873310 1.937011e+01 
TRACK_ID  554
POINT_NUM  10
99 291.004822 43.770889 1.558084e+00 
100 299.163574 44.017666 3.516861e+00 
101 305.510132 43.174702 4.853486e+00 
102 312.098083 43.352356 5.855628e+00 
103 317.691406 43.773991 7.617441e+00 
104 320.994965 43.065357 8.613195e+00 
105 324.542664 42.198959 9.998194e+00 
106 327.623962 42.290749 1.110472e+01 
107 330.833435 42.464146 1.220461e+01 
108 334.044098 44.264519 1.259637e+01 
TRACK_ID  557
POINT_NUM  25
100 256.477905 37.736595 6.690915e+00 
101 255.408615 36.288445 8.709826e+00 
102 256.015717 33.017555 8.674223e+00 
103 257.471405 31.766159 8.385595e+00 
104 260.683899 29.109520 9.467405e+00 
105 262.290131 27.316969 9.630618e+00 
106 267.403839 30.282722 9.640353e+00 
107 269.966583 32.037106 1.089231e+01 
108 272.162262 34.211266 1.361156e+01 
109 274.746613 35.788322 1.478254e+01 
110 277.075867 37.061657 1.721175e+01 
111 279.813965 37.485985 1.803256e+01 
112 282.919281 37.597820 1.986076e+01 
113 286.722748 38.037933 2.055755e+01 
114 291.016998 39.296673 2.279342e+01 
115 294.874603 40.534439 2.362564e+01 
116 297.760101 40.762890 2.263761e+01 
117 298.791870 39.633106 2.073215e+01 
118 301.638458 39.575378 1.891991e+01 
119 302.767059 38.321442 1.656578e+01 
120 304.202911 37.564716 1.666787e+01 
121 306.203949 37.954147 1.676657e+01 
122 308.253418 38.849091 1.751775e+01 
123 310.505005 40.401768 1.774514e+01 
124 312.524811 41.915344 1.755800e+01 
TRACK_ID  566
POINT_NUM  12
102 183.080765 -18.297165 5.349364e+00 
103 185.331146 -20.094833 5.291224e+00 
104 186.346634 -20.812046 5.087549e+00 
105 188.046219 -22.885521 4.506763e+00 
106 188.834763 -24.904160 4.528433e+00 
107 189.863571 -26.877722 4.444242e+00 
108 190.391556 -27.365049 4.676504e+00 
109 190.943863 -28.510502 5.274437e+00 
110 191.229965 -29.283464 5.975439e+00 
111 192.184433 -30.178118 7.219717e+00 
112 191.823074 -31.057142 7.754841e+00 
113 191.407791 -31.914303 8.869736e+00 
TRACK_ID  585
POINT_NUM  15
106 295.937927 40.134895 6.189283e+00 
107 299.101471 40.010605 6.610871e+00 
108 302.071472 39.620602 6.854937e+00 
109 305.626465 39.476299 7.327507e+00 
110 309.444366 39.516483 8.481236e+00 
111 312.917755 39.845608 9.726137e+00 
112 316.167725 40.250092 1.092976e+01 
113 319.543701 40.622906 1.163920e+01 
114 322.567841 40.973923 1.064535e+01 
115 325.899933 41.134518 9.142957e+00 
116 329.289246 40.992447 7.279800e+00 
117 333.175659 40.453663 5.867234e+00 
118 336.645020 39.911671 4.700118e+00 
119 339.460175 38.970158 3.173227e+00 
120 340.823303 37.740543 2.033425e+00 
TRACK_ID  591
POINT_NUM  13
108 124.895607 -51.971226 1.890609e+01 
109 130.625702 -52.856411 2.218034e+01 
110 136.261475 -54.410645 2.455742e+01 
111 141.591675 -55.806641 2.755058e+01 
112 146.134384 -57.134560 2.926842e+01 
113 151.050003 -58.146214 3.063082e+01 
114 155.079834 -59.566845 3.132458e+01 
115 158.748535 -60.484398 3.106852e+01 
116 163.223587 -61.986774 3.109643e+01 
117 166.858063 -63.166737 3.059327e+01 
118 170.764297 -64.329422 2.966650e+01 
119 174.538834 -65.200745 2.820963e+01 
120 179.199051 -66.237679 2.714969e+01 
TRACK_ID  619
POINT_NUM  14
111 346.668610 64.454208 2.551772e+01 
112 354.289276 67.775940 3.194194e+01 
113 3.030969 70.920670 3.921825e+01 
114 10.916778 73.300758 4.646213e+01 
115 19.210957 74.497902 5.033504e+01 
116 28.365128 75.313927 5.074936e+01 
117 36.454548 75.884346 4.941766e+01 
118 41.774857 76.446182 4.674192e+01 
119 44.334354 77.406570 4.250412e+01 
120 44.225826 78.635490 3.938367e+01 
121 38.982071 79.429108 3.737259e+01 
122 36.609303 79.486115 3.823130e+01 
123 38.487728 79.936264 3.712716e+01 
124 39.284573 80.876823 3.561390e+01 
TRACK_ID  632
POINT_NUM  12
113 320.096008 61.688648 2.467159e+01 
114 320.687927 62.037384 2.703989e+01 
115 322.144775 62.428539 2.671894e+01 
116 323.627991 63.170784 2.624802e+01 
117 324.322845 63.721531 2.625363e+01 
118 324.750946 63.730274 2.493445e+01 
119 327.136841 63.623585 2.384525e+01 
120 329.177643 63.857376 2.262418e+01 
121 333.978821 63.395645 2.304081e+01 
122 346.013611 63.565334 2.699122e+01 
123 355.557678 65.218231 3.416848e+01 
124 4.210883 66.784218 3.840599e+01 
TRACK_ID  634
POINT_NUM  12
113 259.528107 49.662975 4.405586e+00 
114 263.377350 49.528885 5.453028e+00 
115 266.370148 49.359497 7.685114e+00 
116 269.106262 48.062397 9.169456e+00 
117 270.859375 46.588505 9.268483e+00 
118 272.092987 45.093105 8.661223e+00 
119 272.621429 42.971840 7.957791e+00 
120 273.461517 39.657757 7.314768e+00 
121 275.161652 36.037830 5.086783e+00 
122 278.566437 34.280235 4.421566e+00 
123 282.873596 33.106453 5.789451e+00 
124 285.447815 32.587078 7.356410e+00 
TRACK_ID  635
POINT_NUM  11
114 11.912085 -45.497723 2.076208e+01 
115 13.619524 -49.361362 2.483178e+01 
116 13.779107 -54.079456 2.800650e+01 
117 13.803318 -57.764046 3.197861e+01 
118 11.924517 -60.389488 3.453522e+01 
119 9.046383 -61.909653 3.719342e+01 
120 6.247502 -62.501579 4.025819e+01 
121 4.467166 -62.785435 4.253993e+01 
122 4.017788 -63.039124 4.183340e+01 
123 3.924850 -63.390850 3.833575e+01 
124 3.333402 -63.344440 3.511773e+01 
TRACK_ID  639
POINT_NUM  10
115 125.201790 -54.491879 1.748896e+01 
116 133.104507 -54.123943 1.834500e+01 
117 139.820099 -54.591763 1.964105e+01 
118 145.912796 -55.379848 2.021858e+01 
119 151.294540 -56.316566 2.156997e+01 
120 155.702072 -57.441833 2.230110e+01 
121 159.476089 -58.725243 2.217798e+01 
122 163.044861 -60.420086 2.185228e+01 
123 165.930099 -61.257004 2.166887e+01 
124 169.341614 -62.863361 2.128530e+01 
TRACK_ID  640
POINT_NUM  10
115 241.352280 -57.875187 9.021717e+00 
116 246.783905 -54.102455 1.042573e+01 
117 249.589066 -51.501324 1.157804e+01 
118 251.979279 -49.648605 1.185307e+01 
119 253.960526 -48.126312 1.291772e+01 
120 256.091125 -47.420639 1.377684e+01 
121 259.108124 -47.433140 1.416247e+01 
122 262.600922 -47.970455 1.403248e+01 
123 266.263641 -48.877319 1.378100e+01 
124 269.844391 -50.425144 1.236454e+01 
TRACK_ID  641
POINT_NUM  10
115 260.414978 -53.939659 1.398112e+01 
116 261.760010 -53.112652 1.321062e+01 
117 264.681641 -53.962929 1.267016e+01 
118 268.201874 -55.677952 1.277956e+01 
119 271.288513 -58.686249 1.316684e+01 
120 274.184021 -60.052341 1.336342e+01 
121 277.587219 -61.124638 1.247524e+01 
122 279.634064 -62.157520 1.088040e+01 
123 280.746033 -62.911732 8.521071e+00 
124 280.079132 -63.563931 6.658704e+00 
TRACK_ID  645
POINT_NUM  10
115 197.848328 35.307724 9.094693e+00 
116 204.333145 36.361088 1.254906e+01 
117 209.086151 37.626354 1.655807e+01 
118 212.964447 39.246460 2.153198e+01 
119 215.899246 40.621189 2.682902e+01 
120 218.555420 41.681545 3.176161e+01 
121 221.276657 43.186466 3.602869e+01 
122 222.986221 44.547699 3.948208e+01 
123 224.032074 45.366505 3.900793e+01 
124 224.846954 45.713223 3.680216e+01 
TRACK_ID  648
POINT_NUM  9
116 230.963730 -68.406609 1.522607e+01 
117 235.627014 -67.100471 1.532669e+01 
118 238.807358 -65.708138 1.579354e+01 
119 242.189377 -63.518288 1.659027e+01 
120 245.173477 -60.972370 1.697006e+01 
121 247.514328 -58.419697 1.651513e+01 
122 249.359634 -55.894306 1.561345e+01 
123 250.825455 -53.472271 1.414653e+01 
124 251.659698 -51.492077 1.349306e+01 
TRACK_ID  652
POINT_NUM  8
117 100.755951 -53.435040 2.582187e+01 
118 105.867317 -54.475048 2.816232e+01 
119 110.610832 -55.506752 2.945310e+01 
120 114.682030 -56.478027 3.033414e+01 
121 119.042908 -57.097771 3.030182e+01 
122 123.504272 -57.459110 2.944895e+01 
123 128.832275 -57.440197 2.996554e+01 
124 133.876343 -57.267113 3.049516e+01 
TRACK_ID  656
POINT_NUM  8
117 276.320221 65.732765 3.089719e+00 
118 281.567505 64.422020 8.325704e+00 
119 287.353394 63.213829 1.355571e+01 
120 293.325562 62.193874 1.663274e+01 
121 298.516510 61.576218 1.902166e+01 
122 301.674438 61.308548 1.953740e+01 
123 304.525360 60.665676 1.810939e+01 
124 307.340668 61.041988 1.703929e+01 
TRACK_ID  688
POINT_NUM  40
67 124.624260 -22.096886 3.007345e+00 
68 120.755768 -21.616974 1.717754e+00 
69 118.296898 -21.514763 1.376323e+00 
70 119.934486 -23.206385 3.083312e+00 
71 119.726906 -23.759815 3.191552e+00 
72 119.600784 -21.977789 2.761486e+00 
73 117.804031 -21.162056 2.926922e+00 
74 119.521385 -22.850836 4.805316e+00 
75 119.862198 -23.147823 5.386910e+00 
76 118.944374 -22.570210 5.177413e+00 
77 116.977051 -21.739491 5.071176e+00 
78 118.771057 -22.977160 7.315345e+00 
79 118.892021 -23.255026 7.959034e+00 
80 118.207954 -22.781420 7.142865e+00 
81 117.202156 -21.756281 7.006760e+00 
82 118.521599 -22.930990 8.391790e+00 
83 118.800667 -22.826292 8.011536e+00 
84 117.141113 -21.592588 7.118973e+00 
85 117.861305 -21.059788 6.470178e+00 
86 119.857338 -23.341503 7.879254e+00 
87 119.351135 -22.486919 7.915323e+00 
88 119.249992 -21.705847 7.357261e+00 
89 118.998016 -20.695635 7.469177e+00 
90 118.022484 -21.397144 8.477295e+00 
91 117.367599 -20.717913 8.077211e+00 
92 117.320122 -19.664852 7.677734e+00 
93 117.474182 -19.098091 8.237761e+00 
94 117.868179 -20.514915 8.331259e+00 
95 117.748802 -20.295094 7.555453e+00 
96 117.208626 -20.149469 6.734676e+00 
97 117.443222 -20.413013 6.007870e+00 
98 117.783722 -22.074726 6.722657e+00 
99 117.264320 -21.055182 6.644957e+00 
100 117.564514 -19.481430 6.103969e+00 
101 117.707260 -18.359520 5.946160e+00 
102 116.519745 -20.781326 5.752103e+00 
103 115.693214 -20.322250 5.514563e+00 
104 114.728416 -19.258310 4.835086e+00 
105 113.713394 -19.598385 4.283752e+00 
106 113.552162 -20.596556 3.512810e+00 
TRACK_ID  696
POINT_NUM  10
95 353.238403 -53.989384 1.868970e+01 
96 358.974213 -55.431786 1.971777e+01 
97 4.411605 -56.135868 2.020336e+01 
98 9.185986 -56.951366 2.081763e+01 
99 14.209090 -57.236370 2.207921e+01 
100 19.591002 -57.860451 2.387966e+01 
101 25.427574 -58.311539 2.728082e+01 
102 31.309971 -58.884197 2.812849e+01 
103 36.675678 -59.458008 2.716070e+01 
104 44.932411 -60.333061 2.596029e+01 
TRACK_ID  711
POINT_NUM  12
111 214.032104 43.189655 2.442290e+01 
112 216.503784 45.973652 2.884616e+01 
113 217.629074 49.348122 3.222515e+01 
114 218.111298 52.668995 3.486037e+01 
115 216.811111 57.163879 3.381299e+01 
116 216.013275 59.814133 3.050763e+01 
117 215.238190 61.920494 2.252209e+01 
118 217.262497 63.483883 1.542029e+01 
119 223.746323 62.308617 1.251625e+01 
120 230.399857 62.958244 9.624874e+00 
121 231.785522 63.602642 5.208720e+00 
122 235.780228 63.316216 2.888705e+00 
